0 1 6.45496196920168 268074 0.00736797134276532 4984 0.047559974807718 268074 快乐大本营-20111008-美女蔡妍李多海 
1 2 3.89328268393204 228829 0.00628932874651643 2566 0.0244861347023685 496903 非诚勿扰-20111008-小眼男遭女方大胆告白 
2 4 2.7348889554408 148023 0.00406838866160147 1166 0.0111265912170544 644926 海贼王(第518集) 
3 5 0.89122414492794 134401 0.00369399015361058 345 0.00329217321602382 779327 当婆婆遇上妈(第02集) 
4 10 0.15375134922195 79035 0.00217226443099837 35 0.000333988587132851 858362 武汉色魔挖地窖囚禁2名少女作为性奴-10月9日 
5 15 0 63260 0.00173869105971983 0 0 921622 热浪球爱战(高清/沙滩排球) 
6 20 0.886351629883087 48572 0.00133499371091862 124 0.00118327385155639 970194 新僵尸先生 
7 22 0 47279 0.00129945581113648 0 0 1017473 火影忍者(更新451) 
8 24 1.09219569619349 44186 0.00121444519704048 139 0.00132641181747047 1061659 赤裸特工 
9 73 0.827728073049224 35234 0.000968400897852807 84 0.000801572609118843 1096893 海贼王(第517集) 
10 90 0 32534 0.000894191826381996 0 0 1129427 华西村30亿建328米酒店_村书记称让农民生活超城里-10月9日 
11 96 0.362295713581554 30666 0.000842850142860708 32 0.000305360993950035 1160093 河南打工妹在陕西省人大办公楼内被奸杀-10月9日 
12 99 7.08415096640119 30141 0.000828420601185828 615 0.00586865660247724 1190234 当婆婆遇上妈(第03集) 
