开放高清 	快乐大本营-20111008-美女蔡妍李多海.mp4 	快乐大本营-20111008-美女蔡妍李多海 	268,074 	218,635 	15,458,709 	57.67 	268,074 	1,144,619 	4.27
开放高清 	非诚勿扰-20111008-小眼男遭女方大胆告白.mp4 	非诚勿扰-20111008-小眼男遭女方大胆告白 	228,829 	180,191 	12,289,606 	53.71 	228,819 	901,085 	3.94
开放高清 	当婆婆遇上妈(第01集).mp4 	当婆婆遇上妈(第01集) 	209,945 	162,775 	6,025,818 	28.70 	209,945 	293,705 	1.40
开放高清 	海贼王(第518集).mp4 	海贼王(第518集) 	148,023 	122,826 	3,195,841 	21.59 	148,023 	212,101 	1.43
开放高清 	当婆婆遇上妈(第02集).mp4 	当婆婆遇上妈(第02集) 	134,401 	99,150 	4,548,206 	33.84 	134,401 	206,146 	1.53
开放高清 	出轨的女人.mp4 	出轨的女人(三角女同爱情) 	91,043 	73,257 	2,759,557 	30.31 	91,043 	102,432 	1.13
开放高清 	步步惊心(第01集).mp4 	步步惊心(第01集) 	90,318 	72,862 	1,772,672 	19.63 	90,317 	100,558 	1.11
开放高清 	康熙来了-20111007-半百男人的感情食物链.mp4 	康熙来了-20111007-半百男人的感情食物链 	86,670 	76,443 	2,340,763 	27.01 	86,669 	79,971 	0.92
开放高清 	游戏小道花边-20111008-S崎巯娜盏男〖拍_V1.mp4 	17岁童颜巨乳夏日写真 	83,311 	66,517 	215,610 	2.59 	83,311 	22,848 	0.27
开放高清 	武汉色魔挖地窖囚禁2名少女作为性奴-10月9日.mp4 	武汉色魔挖地窖囚禁2名少女作为性奴-10月9日 	79,035 	64,896 	13,947 	0.18 	79,031 	4,800 	0.06
开放高清 	步步惊心(第35集).mp4 	步步惊心(第35集) 	76,996 	61,359 	2,540,675 	33.00 	76,996 	123,867 	1.61
开放高清 	步步惊心(第02集).mp4 	步步惊心(第02集) 	68,292 	54,690 	1,394,095 	20.41 	68,291 	60,028 	0.88
开放高清 	万有引力(高清).mp4 	万有引力(高清/理性与肉欲间挣扎) 	65,827 	55,196 	2,781,027 	42.25 	65,827 	113,832 	1.73
开放高清 	天天向上-20111007-双生少女成长记.mp4 	天天向上-20111007-双生少女成长记 	64,017 	54,188 	3,682,840 	57.53 	64,014 	164,429 	2.57
开放高清 	热浪球爱战(高清).mp4 	热浪球爱战(高清/沙滩排球) 	63,260 	57,071 	987,189 	15.61 	63,260 	45,658 	0.72
开放高清 	爱情睡醒了(第40集).mp4 	爱情睡醒了(第40集) 	59,221 	47,191 	1,904,111 	32.15 	59,221 	94,250 	1.59
开放高清 	步步惊心(第34集).mp4 	步步惊心(第34集) 	52,004 	42,559 	1,788,944 	34.40 	52,004 	68,979 	1.33
开放高清 	爱情睡醒了(第25集).mp4 	爱情睡醒了(第25集) 	49,110 	29,136 	1,065,766 	21.70 	49,110 	44,607 	0.91
开放高清 	爱情睡醒了(第01集).mp4 	爱情睡醒了(第01集) 	49,020 	39,327 	899,296 	18.35 	49,020 	57,002 	1.16
开放高清 	新僵尸先生.mp4 	新僵尸先生 	48,572 	41,859 	1,489,169 	30.66 	48,503 	32,250 	0.66
开放高清 	荃加福禄寿探案(第01集).mp4 	荃加福禄寿探案(第01集) 	47,888 	41,999 	841,096 	17.56 	47,888 	41,943 	0.88
开放高清 	火影忍者(第451集).mp4 	火影忍者(更新451) 	47,279 	40,732 	838,321 	17.73 	47,279 	25,845 	0.55
开放高清 	步步惊心(第33集).mp4 	步步惊心(第33集) 	45,192 	36,977 	1,584,741 	35.07 	45,192 	54,720 	1.21
开放高清 	赤裸特工.mp4 	赤裸特工 	44,186 	35,758 	1,444,329 	32.69 	44,057 	52,005 	1.18
开放高清 	步步惊心(第25集).mp4 	步步惊心(第25集) 	43,602 	34,411 	1,428,513 	32.76 	43,602 	48,464 	1.11
开放高清 	爱情睡醒了(第39集).mp4 	爱情睡醒了(第39集) 	43,430 	34,603 	1,382,844 	31.84 	43,430 	57,299 	1.32
开放高清 	步步惊心(第32集).mp4 	步步惊心(第32集) 	43,163 	35,204 	1,474,468 	34.16 	43,163 	49,646 	1.15
开放高清 	步步惊心(第26集).mp4 	步步惊心(第26集) 	42,534 	33,645 	1,439,659 	33.85 	42,534 	45,717 	1.07
开放高清 	步步惊心(第31集).mp4 	步步惊心(第31集) 	42,486 	34,294 	1,470,042 	34.60 	42,485 	50,375 	1.19
开放高清 	步步惊心(第30集).mp4 	步步惊心(第30集) 	42,328 	34,384 	1,510,855 	35.69 	42,328 	52,095 	1.23
开放高清 	全球热恋(高清).mp4 	全球热恋(高清/郭富城桂纶镁) 	42,173 	37,208 	2,142,430 	50.80 	42,173 	54,541 	1.29
开放高清 	步步惊心(第29集).mp4 	步步惊心(第29集) 	42,156 	34,012 	1,504,348 	35.69 	42,156 	49,860 	1.18
开放高清 	步步惊心(第27集).mp4 	步步惊心(第27集) 	42,002 	33,544 	1,419,024 	33.78 	42,002 	47,449 	1.13
开放高清 	步步惊心(第28集).mp4 	步步惊心(第28集) 	41,896 	33,824 	1,397,612 	33.36 	41,896 	50,007 	1.19
开放高清 	爱情睡醒了(第38集).mp4 	爱情睡醒了(第38集) 	40,629 	31,918 	1,232,053 	30.32 	40,629 	50,115 	1.23
开放高清 	孤岛惊魂(高清)_V1.mp4 	孤岛惊魂(高清/杨幂) 	40,458 	33,789 	1,918,680 	47.42 	40,458 	80,052 	1.98
开放高清 	步步惊心(第04集).mp4 	步步惊心(第04集) 	40,418 	30,806 	1,245,017 	30.80 	40,418 	45,828 	1.13
开放高清 	步步惊心高清(第03集).mp4 	步步惊心(第03集) 	39,479 	31,803 	1,285,687 	32.57 	39,479 	52,236 	1.32
开放高清 	步步惊心(第10集).mp4 	步步惊心(第10集) 	38,687 	29,443 	1,248,700 	32.28 	38,687 	43,580 	1.13
开放高清 	步步惊心(第24集).mp4 	步步惊心(第24集) 	38,613 	30,795 	1,327,549 	34.38 	38,613 	39,986 	1.04
开放高清 	步步惊心(第05集).mp4 	步步惊心(第05集) 	38,455 	29,640 	1,237,391 	32.18 	38,454 	44,321 	1.15
开放高清 	步步惊心(第21集).mp4 	步步惊心(第21集) 	38,413 	30,651 	1,327,508 	34.56 	38,413 	40,976 	1.07
开放高清 	爱情睡醒了(第37集).mp4 	爱情睡醒了(第37集) 	38,338 	30,482 	1,189,746 	31.03 	38,338 	45,251 	1.18
开放高清 	爱情睡醒了(第32集).mp4 	爱情睡醒了(第32集) 	38,234 	29,554 	1,084,956 	28.38 	38,233 	39,091 	1.02
开放高清 	步步惊心(第07集).mp4 	步步惊心(第07集) 	38,090 	29,009 	1,213,227 	31.85 	38,090 	44,138 	1.16
开放高清 	步步惊心(第22集).mp4 	步步惊心(第22集) 	38,086 	30,404 	1,335,637 	35.07 	38,086 	42,896 	1.13
开放高清 	步步惊心(第18集).mp4 	步步惊心(第18集) 	38,051 	30,095 	1,302,077 	34.22 	38,051 	43,913 	1.15
开放高清 	步步惊心(第08集).mp4 	步步惊心(第08集) 	37,964 	28,791 	1,249,774 	32.92 	37,964 	44,841 	1.18
开放高清 	步步惊心(第20集).mp4 	步步惊心(第20集) 	37,643 	30,234 	1,318,650 	35.03 	37,643 	42,956 	1.14
开放高清 	步步惊心(第06集).mp4 	步步惊心(第06集) 	37,641 	28,818 	1,234,106 	32.79 	37,641 	45,251 	1.20
开放高清 	步步惊心(第23集).mp4 	步步惊心(第23集) 	37,608 	30,209 	1,299,077 	34.54 	37,608 	45,089 	1.20
开放高清 	步步惊心(第09集).mp4 	步步惊心(第09集) 	37,500 	28,627 	1,243,945 	33.17 	37,500 	44,205 	1.18
开放高清 	非诚勿扰-20111002-绣球男能抛到爱情吗.mp4 	非诚勿扰-20111002-绣球男能抛到爱情吗 	37,448 	30,122 	1,263,988 	33.75 	37,448 	63,362 	1.69
开放高清 	爱情睡醒了(第36集).mp4 	爱情睡醒了(第36集) 	37,085 	29,445 	1,163,573 	31.38 	37,084 	47,306 	1.28
开放高清 	爱情睡醒了(第33集).mp4 	爱情睡醒了(第33集) 	36,959 	29,034 	1,130,826 	30.60 	36,959 	45,088 	1.22
开放高清 	步步惊心(第16集).mp4 	步步惊心(第16集) 	36,807 	29,569 	1,272,801 	34.58 	36,807 	41,907 	1.14
开放高清 	步步惊心(第13集).mp4 	步步惊心(第13集) 	36,799 	29,128 	1,255,991 	34.13 	36,799 	41,869 	1.14
开放高清 	步步惊心(第19集).mp4 	步步惊心(第19集) 	36,788 	29,498 	1,274,053 	34.63 	36,787 	44,303 	1.20
开放高清 	爱情睡醒了(第16集).mp4 	爱情睡醒了(第16集) 	36,672 	28,166 	1,068,926 	29.15 	36,672 	45,344 	1.24
开放高清 	爱情睡醒了(第31集).mp4 	爱情睡醒了(第31集) 	36,464 	28,568 	1,091,026 	29.92 	36,464 	41,517 	1.14
开放高清 	爱情睡醒了(第28集).mp4 	爱情睡醒了(第28集) 	36,443 	28,577 	1,069,759 	29.35 	36,442 	42,971 	1.18
开放高清 	水性杨花.mp4 	水性杨花(放荡) 	36,435 	32,164 	339,095 	9.31 	36,435 	17,250 	0.47
开放高清 	康熙来了-20111006-如何拥有人人称羡好身材.mp4 	康熙来了-20111006-如何拥有人人称羡好身材 	36,430 	32,015 	1,139,227 	31.27 	36,430 	31,898 	0.88
开放高清 	步步惊心(第17集).mp4 	步步惊心(第17集) 	36,301 	28,941 	1,271,363 	35.02 	36,300 	41,132 	1.13
开放高清 	步步惊心(第12集).mp4 	步步惊心(第12集) 	36,227 	28,850 	1,180,175 	32.58 	36,226 	40,210 	1.11
开放高清 	步步惊心(第14集).mp4 	步步惊心(第14集) 	36,075 	28,520 	1,229,449 	34.08 	36,074 	40,311 	1.12
开放高清 	步步惊心(第15集).mp4 	步步惊心(第15集) 	36,026 	28,494 	1,224,683 	33.99 	36,026 	43,925 	1.22
开放高清 	爱情睡醒了(第26集).mp4 	爱情睡醒了(第26集) 	35,843 	28,408 	1,078,956 	30.10 	35,842 	42,989 	1.20
开放高清 	爱情睡醒了(第35集).mp4 	爱情睡醒了(第35集) 	35,711 	28,642 	1,096,852 	30.71 	35,711 	43,404 	1.22
开放高清 	步步惊心(第11集).mp4 	步步惊心(第11集) 	35,402 	28,199 	1,176,631 	33.24 	35,402 	45,178 	1.28
开放高清 	爱情睡醒了(第27集).mp4 	爱情睡醒了(第27集) 	35,301 	27,898 	1,087,907 	30.82 	35,301 	42,346 	1.20
开放高清 	爱情睡醒了(第20集).mp4 	爱情睡醒了(第20集) 	35,269 	27,802 	1,055,845 	29.94 	35,269 	46,502 	1.32
开放高清 	海贼王(第517集).mp4 	海贼王(第517集) 	35,234 	29,271 	350,089 	9.94 	35,234 	16,216 	0.46
开放高清 	爱情睡醒了(第30集).mp4 	爱情睡醒了(第30集) 	35,231 	28,176 	1,089,640 	30.93 	35,231 	47,882 	1.36
开放高清 	爱情睡醒了(第23集).mp4 	爱情睡醒了(第23集) 	35,149 	27,392 	1,073,812 	30.55 	35,149 	43,845 	1.25
开放高清 	爱情睡醒了(第24集).mp4 	爱情睡醒了(第24集) 	35,140 	27,452 	1,061,301 	30.20 	35,139 	42,562 	1.21
开放高清 	爱情睡醒了(第34集).mp4 	爱情睡醒了(第34集) 	35,113 	27,945 	1,065,172 	30.34 	35,113 	39,960 	1.14
开放高清 	爱情睡醒了(第19集).mp4 	爱情睡醒了(第19集) 	34,723 	26,942 	1,052,773 	30.32 	34,723 	43,157 	1.24
开放高清 	爱情睡醒了(第22集).mp4 	爱情睡醒了(第22集) 	34,575 	27,427 	1,063,866 	30.77 	34,575 	44,084 	1.28
开放高清 	爱情睡醒了(第17集).mp4 	爱情睡醒了(第17集) 	34,462 	26,855 	1,059,255 	30.74 	34,462 	47,182 	1.37
开放高清 	爱情睡醒了(第18集).mp4 	爱情睡醒了(第18集) 	34,431 	27,120 	1,090,761 	31.68 	34,431 	56,676 	1.65
开放高清 	爱情睡醒了(第21集).mp4 	爱情睡醒了(第21集) 	34,396 	27,285 	1,062,892 	30.90 	34,396 	43,073 	1.25
开放高清 	爱情睡醒了(第29集).mp4 	爱情睡醒了(第29集) 	34,113 	27,186 	1,073,297 	31.46 	34,113 	41,298 	1.21
开放高清 	爱情睡醒了(第15集).mp4 	爱情睡醒了(第15集) 	33,723 	26,684 	1,041,695 	30.89 	33,722 	50,810 	1.51
开放高清 	深圳四美女穿比基尼组团赴寺庙许愿-10月8日.mp4 	深圳四美女穿比基尼组团赴寺庙许愿-10月8日 	33,414 	30,137 	75,792 	2.27 	33,414 	3,707 	0.11
开放高清 	爱情睡醒了(第13集).mp4 	爱情睡醒了(第13集) 	33,348 	25,690 	1,004,154 	30.11 	33,347 	41,934 	1.26
开放高清 	爱情睡醒了(第10集).mp4 	爱情睡醒了(第10集) 	33,017 	26,039 	1,022,414 	30.97 	33,017 	41,636 	1.26
开放高清 	爱情睡醒了(第08集).mp4 	爱情睡醒了(第08集) 	32,842 	25,604 	1,004,908 	30.60 	32,842 	38,938 	1.19
开放高清 	爱情睡醒了(第12集).mp4 	爱情睡醒了(第12集) 	32,614 	25,670 	995,379 	30.52 	32,612 	41,289 	1.27
开放高清 	华西村30亿建328米酒店村书记称让农民生活超城里-10月9日.mp4 	华西村30亿建328米酒店_村书记称让农民生活超城里-10月9日 	32,534 	28,194 	43,161 	1.33 	32,534 	3,216 	0.10
开放高清 	爱情睡醒了(第09集).mp4 	爱情睡醒了(第09集) 	32,115 	25,391 	1,016,656 	31.66 	32,115 	41,653 	1.30
开放高清 	爱情睡醒了(第07集).mp4 	爱情睡醒了(第07集) 	31,820 	25,192 	967,206 	30.40 	31,820 	44,736 	1.41
开放高清 	爱情睡醒了(第11集).mp4 	爱情睡醒了(第11集) 	31,672 	25,083 	1,000,185 	31.58 	31,672 	38,726 	1.22
开放高清 	爱情睡醒了(第14集).mp4 	爱情睡醒了(第14集) 	31,357 	25,052 	965,584 	30.79 	31,357 	44,099 	1.41
开放高清 	江湖最后一个大佬.mp4 	江湖最后一个大佬(周星驰) 	31,286 	16,624 	709,441 	22.68 	31,216 	15,045 	0.48
开放高清 	河南打工妹在陕西省人大办公楼内被奸杀-10月9日.mp4 	河南打工妹在陕西省人大办公楼内被奸杀-10月9日 	30,666 	27,751 	26,096 	0.85 	30,666 	4,657 	0.15
开放高清 	滨保高速天津界内发生交通事故35人死-10月8日.mp4 	滨保高速天津界内发生交通事故35人死-10月8日 	30,549 	25,883 	17,487 	0.57 	30,549 	1,804 	0.06
开放高清 	爱情睡醒了(第02集).mp4 	爱情睡醒了(第02集) 	30,302 	24,039 	858,415 	28.33 	30,302 	33,839 	1.12
开放高清 	当婆婆遇上妈(第03集).mp4 	当婆婆遇上妈(第03集) 	30,141 	24,844 	968,624 	32.14 	30,141 	283,007 	9.39
开放高清 	爱情睡醒了(第06集).mp4 	爱情睡醒了(第06集) 	30,131 	24,145 	955,119 	31.70 	30,131 	39,902 	1.32
开放高清 	爱情睡醒了(第05集).mp4 	爱情睡醒了(第05集) 	29,974 	23,807 	941,564 	31.41 	29,974 	41,035 	1.37
开放高清 	爱情睡醒了(第04集).mp4 	爱情睡醒了(第04集) 	29,521 	23,378 	905,892 	30.69 	29,520 	37,722 	1.28
开放高清 	不速之约国语版(第20集).mp4 	不速之约国语版(第20集) 	29,415 	23,933 	1,076,533 	36.60 	29,415 	22,450 	0.76
开放高清 	梦回鹿鼎记.mp4 	梦回鹿鼎记(步步惊心番外篇) 	29,354 	26,582 	339,538 	11.57 	29,354 	10,270 	0.35
开放高清 	千次的吻(第15集).mp4 	千次的吻(第15集) 	29,188 	23,199 	1,403,674 	48.09 	29,188 	39,325 	1.35
开放高清 	广西杀人犯逃亡途中嫖娼被抓涉黄小姐被吓哭-10月9日.mp4 	广西杀人犯逃亡途中嫖娼被抓_涉黄小姐被吓哭-10月9日 	28,949 	26,286 	32,246 	1.11 	28,949 	4,083 	0.14
开放高清 	朋友也上床.mp4 	朋友也上床(炮友关系) 	28,675 	24,986 	918,270 	32.02 	28,675 	25,110 	0.88
开放高清 	尖叫的女妖.mp4 	尖叫的女妖(尖叫杀人) 	28,571 	25,878 	487,942 	17.08 	28,571 	6,940 	0.24
开放高清 	爱情睡醒了(第03集).mp4 	爱情睡醒了(第03集) 	28,406 	22,755 	857,407 	30.18 	28,406 	37,901 	1.33
开放高清 	新熟女时代.mp4 	新熟女时代(再玩女士们) 	28,239 	19,172 	446,543 	15.81 	28,224 	15,723 	0.56
开放高清 	小资女孩向前冲(第01集)_V2.mp4 	小资女孩向前冲(第01集) 	28,119 	23,106 	817,887 	29.09 	28,119 	41,035 	1.46
开放高清 	4女子一丝不挂共赴裸体晚餐-10月7日.mp4 	【现场】4女子一丝不挂共赴裸体晚餐-10月7日 	28,116 	25,782 	27,613 	0.98 	28,116 	2,396 	0.09
开放高清 	不速之约(第20集)_V1.mp4 	不速之约(第20集) 	27,721 	22,408 	1,085,853 	39.17 	27,721 	46,793 	1.69
开放高清 	武侠(高清).mp4 	武侠(高清/甄子丹) 	27,399 	22,820 	1,299,067 	47.41 	27,399 	41,988 	1.53
开放高清 	美女匪帮.mp4 	美女匪帮 	27,296 	24,317 	368,680 	13.51 	27,234 	16,213 	0.60
开放高清 	客户名单.mp4 	客户名单(按摩迷情) 	27,061 	23,417 	771,254 	28.50 	27,052 	25,167 	0.93
开放高清 	佳节.mp4 	佳节(情色私生活) 	27,026 	22,951 	695,778 	25.74 	26,974 	27,865 	1.03
开放高清 	小资女孩向前冲(第07集).mp4 	小资女孩向前冲(第07集) 	26,448 	19,792 	862,695 	32.62 	26,448 	26,715 	1.01
开放高清 	潘金莲.mp4 	潘金莲(红杏出墙) 	25,463 	22,580 	326,578 	12.83 	25,462 	15,622 	0.61
开放高清 	快乐大本营-20111001-闫妮邓超陈嘉上.mp4 	快乐大本营-20111001-闫妮邓超陈嘉上 	24,623 	20,797 	1,245,291 	50.57 	24,623 	52,140 	2.12
开放高清 	侦探小说(第01集)_V1.mp4 	侦探小说(第01集) 	24,323 	21,061 	509,719 	20.96 	24,323 	31,391 	1.29
开放高清 	非诚勿扰-20111001-翻版Laughing哥亮相.mp4 	非诚勿扰-20111001-最美女足队员邂逅爱情 	24,105 	19,837 	970,922 	40.28 	24,105 	46,602 	1.93
开放高清 	赌神.mp4 	赌神(赌王集合) 	23,996 	19,996 	1,158,913 	48.30 	23,650 	52,785 	2.23
开放高清 	诊所惊魂(高清).mp4 	诊所惊魂(高清/诊所) 	23,939 	21,092 	678,056 	28.32 	23,938 	49,437 	2.07
开放高清 	WWE摔角-铁笼大赛专辑20111003.mp4 	WWE摔角-铁笼大赛专辑20111003 	23,679 	20,130 	906,860 	38.30 	23,679 	38,824 	1.64
开放高清 	狙击精英：重装上阵.mp4 	狙击精英：重装上阵 	23,192 	19,746 	904,575 	39.00 	23,180 	21,356 	0.92
开放高清 	婚外初夜.mp4 	婚外初夜 	23,112 	20,536 	426,386 	18.45 	23,112 	11,335 	0.49
开放高清 	妖精的尾巴(第100集).mp4 	妖精的尾巴(第100集) 	22,930 	19,832 	557,349 	24.31 	22,930 	19,157 	0.84
开放高清 	财神客栈(高清).mp4 	财神客栈(高清/谢霆锋阿SA) 	22,789 	18,822 	1,096,577 	48.12 	22,789 	42,190 	1.85
开放高清 	性与早餐.mp4 	性与早餐(婚姻和性) 	22,181 	19,652 	344,262 	15.52 	22,139 	15,645 	0.71
开放高清 	海贼王(第001集).mp4 	海贼王(第001集) 	22,087 	19,184 	74,880 	3.39 	21,980 	3,486 	0.16
开放高清 	重庆遭最强雷阵闪电暴雨-10月9日.mp4 	重庆遭最强雷阵闪电暴雨-10月9日 	21,948 	19,864 	42,305 	1.93 	21,948 	2,647 	0.12
开放高清 	爱情万万岁(第25集).mp4 	爱情万万岁(第25集) 	21,844 	17,499 	1,086,272 	49.73 	21,843 	24,557 	1.12
开放高清 	猿族崛起.mp4 	猿族崛起(猿人争霸战) 	21,800 	18,951 	1,119,329 	51.35 	21,800 	5,970 	0.27
开放高清 	荃加福禄寿探案(第04集).mp4 	荃加福禄寿探案(第04集) 	21,474 	17,181 	663,505 	30.90 	21,474 	21,315 	0.99
开放高清 	狼牙.mp4 	狼牙 	21,325 	11,078 	567,931 	26.63 	21,319 	22,379 	1.05
开放高清 	名侦探柯南(第636集).mp4 	名侦探柯南(更新636) 	20,850 	17,940 	455,400 	21.84 	20,850 	17,045 	0.82
开放高清 	灭绝(高清).mp4 	灭绝(高清/杀手真人秀) 	20,656 	18,804 	560,308 	27.13 	20,656 	21,934 	1.06
开放高清 	荃加福禄寿探案国语版(第01集).mp4 	荃加福禄寿探案国语版(第01集) 	20,566 	17,557 	536,680 	26.10 	20,566 	11,718 	0.57
开放高清 	性感女模走秀内裤不慎脱落出糗-9月30日.mp4 	性感女模走秀内裤不慎脱落出糗 	20,432 	18,192 	21,518 	1.05 	20,432 	1,814 	0.09
开放高清 	狙击精英：重装上阵(蓝光).mp4 	狙击精英：重装上阵(蓝光) 	20,360 	17,318 	845,359 	41.52 	20,360 	96,382 	4.73
开放高清 	不速之约国语版(第19集).mp4 	不速之约国语版(第19集) 	20,295 	16,818 	751,596 	37.03 	20,295 	14,249 	0.70
开放高清 	不速之约(第19集).mp4 	不速之约(第19集) 	20,172 	16,422 	815,605 	40.43 	20,172 	32,981 	1.63
开放高清 	少林僵尸.mp4 	少林僵尸(魔幻界) 	20,087 	16,450 	785,929 	39.13 	20,049 	20,207 	1.01
开放高清 	国光帮帮忙-20111007-老少配的婚姻真的有危机吗.mp4 	国光帮帮忙-20111007-老少配的婚姻真的有危机吗 	19,930 	17,187 	827,320 	41.51 	19,930 	12,991 	0.65
开放高清 	宫锁心玉(第01集).mp4 	宫锁心玉(第01集) 	19,467 	9,960 	292,795 	15.04 	19,370 	23,403 	1.21
开放高清 	步步惊心蓝光(第01集).mp4 	步步惊心蓝光(第01集) 	19,456 	16,465 	341,642 	17.56 	19,456 	42,711 	2.20
开放高清 	武侠.mp4 	武侠 	19,343 	16,870 	814,722 	42.12 	19,343 	7,317 	0.38
开放高清 	我是真的(第01集).mp4 	我是真的(第01集) 	19,181 	15,944 	301,606 	15.72 	19,179 	7,972 	0.42
开放高清 	当婆婆遇上妈(片花).mp4 	当婆婆遇上妈(片花) 	18,893 	15,107 	304,007 	16.09 	18,893 	15,436 	0.82
开放高清 	康熙来了-20111005-女明星得子秘方大公开_V1.mp4 	康熙来了-20111005-女明星得子秘方大公开 	18,883 	16,429 	764,142 	40.47 	18,883 	23,445 	1.24
开放高清 	喜羊羊与灰太狼之牛气冲天.mp4 	喜羊羊与灰太狼之牛气冲天 	18,548 	13,514 	499,487 	26.93 	18,308 	15,313 	0.84
开放高清 	万有引力(蓝光).mp4 	万有引力(蓝光/理性与肉欲间挣扎) 	18,532 	16,115 	625,613 	33.76 	18,532 	78,272 	4.22
开放高清 	荃加福禄寿探案(第02集).mp4 	荃加福禄寿探案(第02集) 	17,978 	14,859 	632,536 	35.18 	17,978 	18,218 	1.01
开放高清 	少年赌圣.mp4 	少年赌圣(搞笑离奇) 	17,828 	15,369 	802,100 	44.99 	17,734 	11,712 	0.66
开放高清 	A片特攻队.mp4 	A片特攻队(诱惑你) 	17,577 	16,065 	182,422 	10.38 	17,566 	8,517 	0.48
开放高清 	追捕(第01集)_V1.mp4 	追捕(第01集) 	17,575 	14,647 	343,544 	19.55 	17,575 	12,127 	0.69
开放高清 	实拍黑窝点用病死猪熬油现场苍蝇乱飞-10月9日.mp4 	实拍黑窝点用病死猪熬油现场苍蝇乱飞-10月9日 	17,446 	15,418 	28,487 	1.63 	17,445 	4,408 	0.25
开放高清 	荃加福禄寿探案(第03集).mp4 	荃加福禄寿探案(第03集) 	17,339 	14,250 	626,258 	36.12 	17,339 	17,522 	1.01
开放高清 	不速之约(第01集).mp4 	不速之约(第01集) 	17,125 	15,297 	326,565 	19.07 	17,125 	15,141 	0.88
开放高清 	精英部队2.mp4 	精英部队2(精锐部队2) 	17,067 	15,192 	468,896 	27.47 	16,854 	11,285 	0.67
开放高清 	一夜情.mp4 	一夜情(高清) 	16,729 	14,271 	344,102 	20.57 	16,729 	8,182 	0.49
开放高清 	迷途追凶国语版(高清).mp4 	迷途追凶国语版(高清/黄秋生任贤齐) 	16,559 	14,532 	728,762 	44.01 	16,559 	21,681 	1.31
开放高清 	17岁女生因意外怀孕跳楼自杀-10月9日.mp4 	17岁女生因意外怀孕跳楼自杀-10月9日 	16,347 	14,845 	17,973 	1.10 	16,347 	1,016 	0.06
开放高清 	老公看你的-20111007-史上最彪悍全能老婆.mp4 	老公看你的-20111007-史上最彪悍全能老婆 	15,873 	14,345 	364,277 	22.95 	15,873 	18,617 	1.17
开放高清 	魔兽战场(高清).mp4 	魔兽战场(高清/越空魔龙) 	15,872 	14,108 	686,732 	43.27 	15,872 	21,615 	1.36
开放高清 	游戏小道花边-20110926-张婉悠全裸出镜.mp4 	[美女]_张婉悠全裸出镜 	15,715 	13,976 	67,144 	4.27 	15,715 	6,217 	0.40
开放高清 	当婆婆遇上妈(第04集).mp4 	当婆婆遇上妈(第04集) 	15,367 	12,472 	393,256 	25.59 	15,367 	124,003 	8.07
开放高清 	笼困.mp4 	笼困(绑架) 	15,270 	13,548 	572,310 	37.48 	15,270 	18,382 	1.20
开放高清 	女巫季节(蓝光).mp4 	女巫季节(蓝光) 	15,258 	12,962 	689,700 	45.20 	15,242 	54,924 	3.60
开放高清 	快乐大本营-20110910-娜就杰婚吧_V1.mp4 	快乐大本营-20110910-娜就杰婚吧 	15,147 	13,075 	523,395 	34.55 	15,147 	30,820 	2.03
开放高清 	笑太极.mp4 	笑太极(甄子丹) 	15,107 	13,146 	475,117 	31.45 	15,011 	12,270 	0.82
开放高清 	肩上蝶(高清)_V1.mp4 	肩上蝶(高清/陈坤梁咏琪) 	14,774 	12,905 	466,192 	31.55 	14,774 	14,396 	0.97
开放高清 	马迭尔旅馆的枪声(第01集)_V1.mp4 	马迭尔旅馆的枪声(第01集) 	14,688 	12,847 	262,304 	17.86 	14,688 	11,394 	0.78
开放高清 	火影忍者(第450集).mp4 	火影忍者(第450集) 	14,647 	12,993 	180,726 	12.34 	14,647 	7,973 	0.54
开放高清 	恶魔奶爸(第37集).mp4 	恶魔奶爸(第37集) 	14,567 	12,313 	321,608 	22.08 	14,567 	16,399 	1.13
开放高清 	喜羊羊与灰太狼(第001集).mp4 	喜羊羊与灰太狼(第001集) 	14,377 	11,610 	119,410 	8.31 	14,377 	11,227 	0.78
开放高清 	守护boss(第01集)_V1.mp4 	守护boss(第01集) 	14,290 	12,167 	413,706 	28.95 	14,290 	16,311 	1.14
开放高清 	奶子排球.mp4 	奶子排球 	14,075 	12,841 	191,462 	13.60 	14,075 	4,635 	0.33
开放高清 	无人驾驶.mp4 	无人驾驶(网络独播) 	14,068 	12,403 	427,475 	30.39 	13,853 	9,929 	0.72
开放高清 	你猜你猜你猜猜-20111008-美食部落客带路通化夜市.mp4 	你猜你猜你猜猜猜-20111008-美食部落客带路通化夜市 	13,979 	12,025 	596,293 	42.66 	13,979 	28,550 	2.04
开放高清 	小资女孩向前冲(第06集)_V1.mp4 	小资女孩向前冲(第06集) 	13,893 	10,652 	580,306 	41.77 	13,893 	21,224 	1.53
开放高清 	荃加福禄寿探案国语版(第04集).mp4 	荃加福禄寿探案国语版(第04集) 	13,855 	11,403 	478,084 	34.51 	13,855 	7,855 	0.57
开放高清 	爱上查美乐(第25集).mp4 	爱上查美乐(第25集) 	13,839 	10,483 	365,937 	26.44 	13,839 	15,750 	1.14
开放高清 	不屈的儿媳(第86集).mp4 	不屈的儿媳(第86集) 	13,801 	11,052 	402,853 	29.19 	13,801 	10,757 	0.78
开放高清 	步步惊心蓝光(第35集).mp4 	步步惊心蓝光(第35集) 	13,788 	11,335 	466,246 	33.82 	13,788 	40,474 	2.94
开放高清 	性欲熏心.mp4 	性欲熏心 	13,779 	12,262 	218,551 	15.86 	13,779 	9,423 	0.68
开放高清 	不速之约国语版(第01集).mp4 	不速之约国语版(第01集) 	13,774 	12,044 	363,974 	26.42 	13,774 	9,104 	0.66
开放高清 	快乐大本营-20110917-若曦四爷卖萌耍帅.mp4 	快乐大本营-20110917-若曦四爷卖萌耍帅 	13,706 	11,495 	694,687 	50.68 	13,706 	28,626 	2.09
开放高清 	房不剩防(高清)_V1.mp4 	房不剩防(高清/销魂“房事”) 	13,702 	12,170 	415,573 	30.33 	13,702 	18,867 	1.38
开放高清 	神枪手(高清).mp4 	神枪手(敌友难分/高清) 	13,683 	11,624 	573,773 	41.93 	13,545 	29,571 	2.18
开放高清 	非诚勿扰-20110925-乐嘉改唱童谣调侃孟非.mp4 	非诚勿扰-20110925-乐嘉改唱童谣调侃孟非 	13,679 	11,465 	392,072 	28.66 	13,679 	18,980 	1.39
开放高清 	倾世皇妃预告片111001.mp4 	倾世皇妃预告片111001 	13,630 	11,983 	13,980 	1.03 	13,630 	1,715 	0.13
开放高清 	宫锁心玉(第35集).mp4 	宫锁心玉(第35集) 	13,597 	6,070 	220,639 	16.23 	13,579 	13,779 	1.01
开放高清 	小资女孩向前冲(第02集)_V1.mp4 	小资女孩向前冲(第02集) 	13,568 	10,829 	614,667 	45.30 	13,568 	23,242 	1.71
开放高清 	性在够辣.mp4 	性在够辣(复仇强奸恶魔) 	13,422 	11,744 	367,837 	27.41 	13,422 	9,139 	0.68
开放高清 	北京奥巴马炸鸡店怕侵权更名为UFO-10月9日.mp4 	北京奥巴马炸鸡店_怕侵权更名为“UFO”-10月9日 	13,387 	12,569 	14,251 	1.06 	13,387 	590 	0.04
开放高清 	爱上查美乐(第01集).mp4 	爱上查美乐(第01集) 	13,385 	11,186 	300,325 	22.44 	13,385 	12,472 	0.93
开放高清 	喜羊羊与灰太狼之虎虎生威.mp4 	喜羊羊与灰太狼之虎虎生威 	13,236 	9,675 	421,574 	31.85 	12,897 	12,058 	0.93
开放高清 	单身男女(高清).mp4 	单身男女(高清/古天乐吴彦祖) 	13,189 	11,340 	565,978 	42.91 	13,173 	35,492 	2.69
  	  	合计 	6,932,669 	5,628,265 	210,798,137 	30.41 	6,930,177 	9,716,951 	1.40
