开放高清 	步步惊心(第14集).mp4 	步步惊心(第14集) 	851,361 	395,775 	19,344,501 	22.72 	851,360 	853,720 	1.00
开放高清 	步步惊心(第15集).mp4 	步步惊心(第15集) 	661,729 	377,901 	17,066,137 	25.79 	661,729 	803,814 	1.21
开放高清 	步步惊心(第01集).mp4 	步步惊心(第01集) 	621,631 	246,229 	4,946,328 	7.96 	621,628 	256,934 	0.41
开放高清 	步步惊心(第13集).mp4 	步步惊心(第13集) 	418,950 	234,011 	8,028,563 	19.16 	418,949 	295,700 	0.71
开放高清 	爱情睡醒了(第14集).mp4 	爱情睡醒了(第14集) 	325,178 	132,928 	4,847,200 	14.91 	325,178 	367,372 	1.13
开放高清 	我想吃掉你.mp4 	我想吃掉你(你是我的蕾丝边) 	302,988 	93,498 	908,808 	3.00 	302,988 	116,449 	0.38
开放高清 	爱情睡醒了(第13集).mp4 	爱情睡醒了(第13集) 	282,091 	127,421 	5,337,804 	18.92 	282,091 	331,944 	1.18
开放高清 	步步惊心蓝光(第14集).mp4 	步步惊心蓝光(第14集) 	249,825 	102,342 	4,784,151 	19.15 	249,822 	439,998 	1.76
开放高清 	新僵尸先生.mp4 	新僵尸先生(茅山道士) 	249,093 	89,190 	2,751,019 	11.04 	249,007 	61,756 	0.25
开放高清 	步步惊心(第12集).mp4 	步步惊心(第12集) 	235,459 	138,751 	4,914,918 	20.87 	235,457 	172,528 	0.73
开放高清 	步步惊心高清(第03集).mp4 	步步惊心(第03集) 	213,764 	122,609 	3,663,578 	17.14 	213,763 	136,871 	0.64
开放高清 	步步惊心(第11集).mp4 	步步惊心(第11集) 	213,347 	109,585 	4,182,809 	19.61 	213,346 	151,535 	0.71
开放高清 	步步惊心(第02集).mp4 	步步惊心(第02集) 	198,929 	98,896 	3,762,834 	18.92 	198,929 	142,376 	0.72
开放高清 	康熙来了-20110919-女明星当年那段纯纯的爱.mp4 	康熙来了-20110919-女明星当年那段纯纯的爱 	192,456 	103,795 	3,660,105 	19.02 	192,456 	107,711 	0.56
开放高清 	爱情睡醒了(第01集).mp4 	爱情睡醒了(第01集) 	185,897 	93,197 	2,231,773 	12.01 	185,897 	126,967 	0.68
开放高清 	步步惊心(第05集).mp4 	步步惊心(第05集) 	173,439 	86,266 	3,492,938 	20.14 	173,439 	122,469 	0.71
开放高清 	步步惊心蓝光(第01集).mp4 	步步惊心蓝光(第01集) 	169,966 	69,268 	1,185,809 	6.98 	169,966 	148,008 	0.87
开放高清 	步步惊心(第08集).mp4 	步步惊心(第08集) 	168,151 	89,799 	3,591,614 	21.36 	168,151 	122,939 	0.73
开放高清 	步步惊心蓝光(第15集).mp4 	步步惊心蓝光(第15集) 	166,640 	96,816 	4,209,097 	25.26 	166,638 	410,334 	2.46
开放高清 	非诚勿扰-20110918-爱谁就说谁二.mp4 	非诚勿扰-20110918-爱谁就说谁二 	165,777 	86,234 	5,226,048 	31.52 	165,776 	242,387 	1.46
开放高清 	步步惊心(第06集).mp4 	步步惊心(第06集) 	160,072 	85,329 	3,397,701 	21.23 	160,072 	122,172 	0.76
开放高清 	步步惊心(第04集).mp4 	步步惊心(第04集) 	157,289 	88,671 	3,492,839 	22.21 	157,289 	124,521 	0.79
开放高清 	步步惊心(第10集).mp4 	步步惊心(第10集) 	156,018 	100,766 	4,163,533 	26.69 	156,017 	144,606 	0.93
开放高清 	朋友也上床.mp4 	朋友也上床(炮友关系) 	153,655 	71,483 	2,553,332 	16.62 	153,654 	74,940 	0.49
开放高清 	爱情睡醒了(第02集).mp4 	爱情睡醒了(第02集) 	148,285 	50,341 	1,749,292 	11.80 	148,285 	68,507 	0.46
开放高清 	步步惊心(第09集).mp4 	步步惊心(第09集) 	141,564 	93,961 	3,888,976 	27.47 	141,564 	133,385 	0.94
开放高清 	爱情睡醒了(第12集).mp4 	爱情睡醒了(第12集) 	135,534 	75,428 	2,125,359 	15.68 	135,533 	91,384 	0.67
开放高清 	赤裸特工.mp4 	赤裸特工(床上杀手) 	130,725 	47,441 	1,805,448 	13.81 	130,562 	65,916 	0.50
开放高清 	武侠(高清).mp4 	武侠(高清/甄子丹) 	125,380 	47,442 	2,751,743 	21.95 	125,380 	88,369 	0.70
开放高清 	步步惊心(第07集).mp4 	步步惊心(第07集) 	124,715 	86,297 	3,531,759 	28.32 	124,715 	117,103 	0.94
开放高清 	孤岛惊魂(高清)_V1.mp4 	孤岛惊魂(高清/杨幂) 	119,968 	72,369 	4,088,486 	34.08 	119,968 	156,533 	1.30
开放高清 	女巫季节(蓝光).mp4 	女巫季节(蓝光/魔女神兵) 	113,513 	43,051 	2,184,467 	19.24 	113,494 	174,590 	1.54
开放高清 	步步惊心蓝光(第13集).mp4 	步步惊心蓝光(第13集) 	105,810 	59,275 	2,010,196 	19.00 	105,810 	143,182 	1.35
开放高清 	新京城四少高清(第01集)_V1.mp4 	新京城四少高清(第01集) 	100,753 	44,601 	750,978 	7.45 	100,753 	44,375 	0.44
开放高清 	快乐大本营-20110917-若曦四爷卖萌耍帅.mp4 	快乐大本营-20110917-若曦四爷卖萌耍帅 	97,853 	59,358 	4,279,901 	43.74 	97,848 	196,307 	2.01
开放高清 	积奇玛莉.mp4 	积奇玛莉(搞笑双警花) 	96,810 	42,006 	907,892 	9.38 	96,804 	36,754 	0.38
开放高清 	爱情睡醒了(第03集).mp4 	爱情睡醒了(第03集) 	93,368 	43,431 	1,573,911 	16.86 	93,359 	70,465 	0.75
开放高清 	爱情睡醒了(第09集).mp4 	爱情睡醒了(第09集) 	92,112 	42,947 	1,485,805 	16.13 	92,112 	64,364 	0.70
开放高清 	爱情睡醒了(第08集).mp4 	爱情睡醒了(第08集) 	91,320 	41,410 	1,369,069 	14.99 	91,320 	55,450 	0.61
开放高清 	爱情睡醒了(第10集).mp4 	爱情睡醒了(第10集) 	90,858 	47,345 	1,538,025 	16.93 	90,858 	65,732 	0.72
开放高清 	爱情睡醒了(第11集).mp4 	爱情睡醒了(第11集) 	90,702 	55,049 	1,944,289 	21.44 	90,702 	86,738 	0.96
开放高清 	新京城四少高清(第35集).mp4 	新京城四少高清(第35集) 	84,926 	30,349 	1,328,407 	15.64 	84,926 	77,074 	0.91
开放高清 	不速之约(第06集).mp4 	不速之约(第06集) 	84,252 	36,573 	1,734,533 	20.59 	84,252 	88,081 	1.05
开放高清 	2011快乐女声全国总决赛决战之夜(高清).mp4 	2011快乐女声全国总决赛决战之夜(高清) 	81,996 	35,913 	2,059,092 	25.11 	81,996 	107,555 	1.31
开放高清 	掩护(第01集).mp4 	掩护(第01集) 	75,875 	28,803 	756,992 	9.98 	75,875 	33,981 	0.45
开放高清 	非诚勿扰-20110917-IT男遭遇女嘉宾表白.mp4 	非诚勿扰-20110917-IT男遭遇女嘉宾表白 	74,448 	39,565 	2,136,896 	28.70 	74,448 	96,993 	1.30
开放高清 	掩护(第16集).mp4 	掩护(第16集) 	74,051 	28,558 	1,303,827 	17.61 	74,051 	51,742 	0.70
开放高清 	猿族崛起.mp4 	猿族崛起(猿人争霸战) 	73,834 	26,146 	1,376,485 	18.64 	73,834 	9,745 	0.13
开放高清 	女巫季节(高清).mp4 	女巫季节(高清/尼古拉斯凯奇) 	71,812 	26,248 	1,390,217 	19.36 	71,764 	72,479 	1.01
开放高清 	不求回报(高清).mp4 	不求回报(高清) 	70,257 	25,864 	832,247 	11.85 	70,257 	49,597 	0.71
开放高清 	爱情睡醒了(第04集).mp4 	爱情睡醒了(第04集) 	69,851 	40,466 	1,479,747 	21.18 	69,851 	55,392 	0.79
开放高清 	稀人.mp4 	稀人 	66,856 	26,416 	397,928 	5.95 	66,850 	14,274 	0.21
开放高清 	爱情睡醒了(第05集).mp4 	爱情睡醒了(第05集) 	66,780 	39,030 	1,446,960 	21.67 	66,780 	59,527 	0.89
开放高清 	九江十二坊(第15集).mp4 	九江十二坊(第15集) 	63,344 	16,502 	819,809 	12.94 	63,344 	44,784 	0.71
开放高清 	爱情睡醒了(第07集).mp4 	爱情睡醒了(第07集) 	62,669 	39,849 	1,397,802 	22.30 	62,669 	67,105 	1.07
开放高清 	山西和顺出现60年来最大最早降雪-9月20日.mp4 	山西和顺：出现60年来最大最早降雪-9月20日 	62,276 	38,965 	8,754 	0.14 	62,276 	2,119 	0.03
开放高清 	步步惊心蓝光(第12集).mp4 	步步惊心蓝光(第12集) 	61,910 	33,824 	1,208,434 	19.52 	61,908 	76,262 	1.23
开放高清 	掩护(第15集).mp4 	掩护(第15集) 	61,539 	29,037 	1,386,893 	22.54 	61,539 	61,229 	0.99
开放高清 	狙击精英：重装上阵.mp4 	狙击精英：重装上阵 	61,296 	22,497 	1,005,252 	16.40 	61,281 	20,918 	0.34
开放高清 	美女匪帮.mp4 	美女匪帮 	60,774 	23,400 	329,895 	5.43 	60,692 	13,899 	0.23
开放高清 	不速之约国语版(第06集).mp4 	不速之约国语版(第06集) 	60,226 	34,333 	1,509,850 	25.07 	60,225 	35,052 	0.58
开放高清 	爱情睡醒了(第06集).mp4 	爱情睡醒了(第06集) 	59,128 	38,161 	1,399,918 	23.68 	59,128 	58,565 	0.99
开放高清 	新京城四少高清(第36集).mp4 	新京城四少高清(第36集) 	57,069 	32,337 	1,444,802 	25.32 	57,069 	70,346 	1.23
开放高清 	步步惊心蓝光(第11集).mp4 	步步惊心蓝光(第11集) 	56,507 	26,700 	983,963 	17.41 	56,505 	63,082 	1.12
开放高清 	水性杨花.mp4 	水性杨花(放荡) 	55,643 	24,408 	216,155 	3.88 	55,643 	10,639 	0.19
开放高清 	不速之约国语版(第01集).mp4 	不速之约国语版(第01集) 	54,506 	20,946 	558,594 	10.25 	54,506 	14,619 	0.27
开放高清 	财神客栈(高清).mp4 	财神客栈(高清/谢霆锋阿SA) 	53,716 	20,137 	999,394 	18.61 	53,716 	37,686 	0.70
开放高清 	武侠.mp4 	武侠(金城武汤唯) 	50,114 	19,604 	1,017,627 	20.31 	50,114 	9,885 	0.20
开放高清 	赌神.mp4 	赌神(赌王集合) 	47,340 	19,238 	959,050 	20.26 	46,907 	40,583 	0.87
开放高清 	美女私访菜-20110919-S崎爱睡醒.mp4 	美女私访菜-20110919-S崎爱睡醒 	46,331 	28,931 	108,540 	2.34 	46,329 	13,701 	0.30
开放高清 	新还珠格格高清(第01集).mp4 	新还珠格格高清(第01集) 	45,403 	16,160 	205,294 	4.52 	45,403 	19,341 	0.43
开放高清 	步步惊心蓝光(第08集).mp4 	步步惊心蓝光(第08集) 	45,193 	21,668 	835,825 	18.49 	45,193 	51,312 	1.14
开放高清 	小资女孩向前冲(第05集).mp4 	小资女孩向前冲(第05集) 	44,525 	17,734 	1,139,034 	25.58 	44,525 	40,613 	0.91
开放高清 	火影忍者(第448集).mp4 	火影忍者(第448集) 	43,196 	19,816 	150,046 	3.47 	43,195 	7,858 	0.18
开放高清 	新版水浒传(第01集)_V1.mp4 	新版水浒传(第01集) 	42,289 	16,285 	321,354 	7.60 	42,289 	16,644 	0.39
开放高清 	海贼王(第515集).mp4 	海贼王(第515集) 	42,112 	28,479 	649,932 	15.43 	42,112 	24,737 	0.59
开放高清 	步步惊心蓝光(第04集).mp4 	步步惊心蓝光(第04集) 	41,910 	21,535 	824,158 	19.66 	41,910 	55,467 	1.32
开放高清 	龙之寿(高清).mp4 	驯龙战(高清/龙之寿) 	41,907 	18,385 	559,380 	13.35 	41,907 	24,337 	0.58
开放高清 	佳节.mp4 	佳节(情色私生活) 	41,615 	17,497 	472,044 	11.34 	41,515 	18,928 	0.46
开放高清 	终极封神(第01集).mp4 	终极封神(第01集) 	41,241 	23,268 	257,494 	6.24 	41,241 	18,191 	0.44
开放高清 	步步惊心蓝光(第03集).mp4 	步步惊心蓝光(第03集) 	39,785 	21,906 	860,843 	21.64 	39,785 	63,349 	1.59
开放高清 	精英部队2.mp4 	精英部队2 	38,694 	15,981 	451,774 	11.68 	38,443 	10,365 	0.27
开放高清 	雪花秘扇(高清)_V1.mp4 	雪花秘扇(高清/雪花与秘扇) 	38,197 	18,474 	573,197 	15.01 	38,197 	18,316 	0.48
开放高清 	国光帮帮忙-20110919-婚纱照大公开.mp4 	国光帮帮忙-20110919-婚纱照大公开 	37,770 	22,423 	839,656 	22.23 	37,770 	15,521 	0.41
开放高清 	爱情连连看-20110919-王玉牵手失败.mp4 	爱情连连看-20110919-王玉牵手失败 	37,229 	18,943 	906,015 	24.34 	37,229 	62,635 	1.68
开放高清 	掩护(第12集).mp4 	掩护(第12集) 	37,020 	13,668 	556,322 	15.03 	37,020 	14,902 	0.40
开放高清 	新京城四少高清(第33集).mp4 	新京城四少高清(第33集) 	36,564 	18,236 	781,262 	21.37 	36,564 	31,637 	0.87
开放高清 	掩护(第13集).mp4 	掩护(第13集) 	36,307 	15,415 	660,218 	18.18 	36,307 	20,872 	0.57
开放高清 	掩护(第14集).mp4 	掩护(第14集) 	36,286 	19,779 	680,006 	18.74 	36,286 	23,005 	0.63
开放高清 	步步惊心蓝光(第02集).mp4 	步步惊心蓝光(第02集) 	35,802 	24,067 	903,026 	25.22 	35,802 	71,429 	2.00
开放高清 	步步惊心蓝光(第09集).mp4 	步步惊心蓝光(第09集) 	35,252 	22,632 	934,348 	26.50 	35,252 	55,157 	1.56
开放高清 	步步惊心蓝光(第10集).mp4 	步步惊心蓝光(第10集) 	35,019 	24,432 	998,631 	28.52 	35,019 	58,135 	1.66
开放高清 	步步惊心(36分超长片花)_V1.mp4 	步步惊心--剧透版超长片花 	34,907 	19,514 	354,649 	10.16 	34,907 	17,011 	0.49
开放高清 	性与早餐.mp4 	性与早餐(婚姻和性) 	34,865 	14,161 	215,870 	6.19 	34,815 	9,706 	0.28
开放高清 	少林僵尸.mp4 	少林僵尸(魔幻界) 	34,294 	13,519 	554,290 	16.16 	34,241 	14,626 	0.43
开放高清 	新京城四少高清(第34集).mp4 	新京城四少高清(第34集) 	34,123 	20,362 	851,775 	24.96 	34,123 	33,358 	0.98
开放高清 	步步惊心蓝光(第05集).mp4 	步步惊心蓝光(第05集) 	33,656 	20,952 	825,444 	24.53 	33,656 	53,848 	1.60
开放高清 	爱情万万岁(第01集).mp4 	爱情万万岁(第01集) 	33,445 	15,870 	220,119 	6.58 	33,445 	2,434 	0.07
开放高清 	宫锁心玉(第01集).mp4 	宫锁心玉(第01集) 	33,145 	12,225 	319,946 	9.65 	33,050 	24,054 	0.73
开放高清 	一夜未了情(高清).mp4 	一夜未了情(高清/李小冉方中信) 	32,851 	12,763 	329,730 	10.04 	32,847 	18,005 	0.55
开放高清 	江湖最后一个大佬.mp4 	(1990)江湖最后一个大佬 	32,636 	13,341 	518,158 	15.88 	32,518 	10,449 	0.32
开放高清 	少年赌圣.mp4 	少年赌圣(搞笑离奇) 	32,301 	13,212 	597,010 	18.48 	32,189 	9,946 	0.31
开放高清 	A片特攻队.mp4 	A片特攻队(诱惑你) 	30,648 	14,337 	168,795 	5.51 	30,629 	7,376 	0.24
开放高清 	性在够辣.mp4 	性在够辣(复仇强奸恶魔) 	30,560 	12,769 	372,794 	12.20 	30,560 	9,034 	0.30
开放高清 	步步惊心蓝光(第06集).mp4 	步步惊心蓝光(第06集) 	30,177 	20,703 	831,876 	27.57 	30,177 	53,866 	1.79
开放高清 	今年一定要嫁出去(高清).mp4 	今年一定要嫁出去(高清/剩女求爱记) 	30,053 	14,279 	578,060 	19.23 	30,053 	16,172 	0.54
开放高清 	喜羊羊与灰太狼之牛气冲天.mp4 	喜羊羊与灰太狼之牛气冲天 	29,893 	11,011 	361,316 	12.09 	29,664 	13,947 	0.47
开放高清 	步步惊心蓝光(第07集).mp4 	步步惊心蓝光(第07集) 	29,525 	20,830 	853,976 	28.92 	29,525 	50,257 	1.70
开放高清 	九江十二坊国语版(第15集).mp4 	九江十二坊国语版(第15集) 	29,379 	14,007 	657,871 	22.39 	29,379 	15,308 	0.52
开放高清 	温州90后奔驰男打2岁娃碾压路人称我爸是市长-9月20日_V1.mp4 	温州90后奔驰男打2岁娃碾压路人_称“我爸是市长” 	29,288 	19,489 	38,092 	1.30 	29,288 	2,210 	0.08
开放高清 	一夜情.mp4 	一夜情(高清) 	29,274 	11,749 	257,809 	8.81 	29,274 	6,284 	0.21
开放高清 	洛阳记者李翔遇刺身中10刀身亡疑追查地沟油所致-9月20日.mp4 	【社会】洛阳记者李翔遇刺身中10刀身亡_疑追查“地沟油”所致-9月20日 	29,241 	20,223 	22,789 	0.78 	29,241 	1,340 	0.05
开放高清 	武侠(蓝光).mp4 	武侠(蓝光) 	28,992 	12,081 	624,312 	21.53 	28,992 	34,508 	1.19
开放高清 	不速之约(第01集).mp4 	不速之约(第01集) 	28,707 	17,862 	414,049 	14.42 	28,706 	18,183 	0.63
开放高清 	钢的琴(高清)_V1.mp4 	钢的琴(高清/秦海璐) 	28,050 	13,428 	852,754 	30.40 	28,050 	20,428 	0.73
开放高清 	裸婚时代(第01集)_V2.mp4 	裸婚时代(第01集) 	27,901 	10,109 	262,840 	9.42 	27,901 	18,890 	0.68
开放高清 	小资女孩向前冲(第01集)_V2.mp4 	小资女孩向前冲(第01集) 	27,859 	11,819 	461,934 	16.58 	27,859 	22,092 	0.79
开放高清 	新还珠格格高清(第02集).mp4 	新还珠格格高清(第02集) 	27,719 	12,139 	130,066 	4.69 	27,719 	9,373 	0.34
开放高清 	神枪手(高清).mp4 	神枪手(高清) 	27,639 	10,960 	493,978 	17.87 	27,512 	25,037 	0.91
开放高清 	步步惊心之花絮-步步惊心ID.mp4 	步步惊心之花絮-步步惊心ID 	27,624 	16,017 	15,728 	0.57 	27,624 	1,339 	0.05
开放高清 	婚外初夜.mp4 	婚外初夜 	27,253 	11,324 	196,252 	7.20 	27,252 	4,421 	0.16
开放高清 	禽兽(高清).mp4 	禽兽(高清/绑架背后) 	27,116 	18,704 	563,187 	20.77 	27,116 	23,673 	0.87
开放高清 	关云长(高清)_V3.mp4 	关云长(高清/姜文甄子丹) 	27,046 	9,961 	434,907 	16.08 	27,046 	15,662 	0.58
开放高清 	康熙来了-20110916-我拍胸脯保证他可以当明星_V1.mp4 	康熙来了-20110916-我拍胸脯保证他可以当明星 	26,864 	19,282 	717,914 	26.72 	26,864 	20,107 	0.75
开放高清 	女人的香气(第01集).mp4 	女人的香气(第01集) 	26,832 	10,317 	231,990 	8.65 	26,832 	3,301 	0.12
开放高清 	爱情万万岁(第20集).mp4 	爱情万万岁(第20集) 	26,637 	14,175 	792,337 	29.75 	26,637 	17,191 	0.65
开放高清 	出轨的女人.mp4 	出轨的女人(三角女同爱情) 	26,424 	10,110 	375,286 	14.20 	26,424 	12,717 	0.48
开放高清 	美女私访菜-20110816-乳此动人细数各类御姐级游戏cosplayer.mp4 	[胸器]_乳此动人_细数各类御姐级游戏cosplayer 	26,265 	13,716 	27,048 	1.03 	26,265 	1,020 	0.04
开放高清 	娱乐播报-20110920-快女决赛暴力冲突.粉丝互殴连选手父母也不放过.mp4 	娱乐播报-20110920-快女决赛暴力冲突.粉丝互殴连选手父母也不放过 	26,179 	15,274 	18,717 	0.71 	26,179 	3,841 	0.15
开放高清 	僵尸先生续集之僵尸家族.mp4 	僵尸先生续集之僵尸家族 	26,150 	10,581 	338,320 	12.94 	26,135 	8,744 	0.33
开放高清 	不速之约(第05集).mp4 	不速之约(第05集) 	26,054 	15,314 	549,192 	21.08 	26,054 	17,165 	0.66
开放高清 	笑太极.mp4 	笑太极 	26,044 	10,801 	337,387 	12.95 	25,918 	8,028 	0.31
开放高清 	榴莲飘飘1.mp4 	榴莲飘飘(妓女的生活) 	25,945 	10,925 	328,261 	12.65 	25,625 	12,580 	0.49
开放高清 	精武风云-陈真.mp4 	精武风云・陈真(真功夫) 	25,848 	10,288 	384,496 	14.88 	25,506 	8,167 	0.32
开放高清 	掩护(第02集).mp4 	掩护(第02集) 	25,696 	13,898 	595,412 	23.17 	25,696 	17,462 	0.68
开放高清 	掩护(第08集).mp4 	掩护(第08集) 	25,589 	11,907 	524,783 	20.51 	25,589 	14,187 	0.55
开放高清 	潜行狙击国语版(第01集).mp4 	潜行狙击国语版(第01集) 	25,362 	9,571 	282,523 	11.14 	25,362 	2,470 	0.10
开放高清 	曝河北深州越狱犯系退役特种兵-9月20日.mp4 	【社会】曝河北深州越狱犯系退役特种兵-9月20日 	25,188 	17,136 	3,300 	0.13 	25,188 	1,045 	0.04
开放高清 	麻辣天后宫-20110916-完美尤物.mp4 	麻辣天后宫-20110916-完美尤物 	25,040 	14,114 	235,430 	9.40 	25,040 	7,972 	0.32
开放高清 	肩上蝶(高清)_V1.mp4 	肩上蝶(高清/陈坤梁咏琪) 	25,035 	15,499 	573,252 	22.90 	25,035 	27,052 	1.08
开放高清 	香港强奸奇案之割喉.mp4 	香港强奸奇案之割喉(变态奸杀) 	24,997 	9,709 	217,348 	8.69 	24,997 	4,645 	0.19
开放高清 	喜羊羊与灰太狼(第0001集).mp4 	喜羊羊与灰太狼(第0001集) 	24,950 	9,661 	90,300 	3.62 	24,775 	4,777 	0.19
开放高清 	快乐大本营-20110910-娜就杰婚吧_V1.mp4 	快乐大本营-20110910-娜就杰婚吧 	24,479 	15,651 	762,124 	31.13 	24,479 	36,217 	1.48
开放高清 	单身男女(高清).mp4 	单身男女(高清/古天乐吴彦祖) 	24,440 	10,655 	447,746 	18.32 	24,434 	24,150 	0.99
开放高清 	赤裸裸(高清).mp4 	赤裸裸(高清) 	24,392 	10,295 	133,004 	5.45 	24,392 	9,284 	0.38
开放高清 	第一滴血4(高清)_V1.mp4 	第一滴血4(高清) 	23,963 	8,960 	305,312 	12.74 	23,892 	13,678 	0.57
开放高清 	牧人的性玩偶(高清).mp4 	牧人的性玩偶(高清) 	23,708 	10,682 	277,543 	11.71 	23,708 	13,233 	0.56
开放高清 	城市猎人(第01集)_V2.mp4 	城市猎人(第01集) 	23,616 	8,436 	238,667 	10.11 	23,616 	9,511 	0.40
开放高清 	人兽杂交(高清).mp4 	人兽杂交(颤栗异种/高清) 	23,147 	8,996 	328,788 	14.20 	23,106 	23,087 	1.00
开放高清 	总决赛之夜-第一轮段林希《追梦的孩子》_V1.mp4 	总决赛之夜-第一轮段林希《追梦的孩子》 	23,076 	12,447 	32,636 	1.41 	23,076 	1,893 	0.08
开放高清 	掩护(第07集).mp4 	掩护(第07集) 	22,956 	12,055 	534,343 	23.28 	22,956 	14,282 	0.62
开放高清 	最爱(高清)_V3.mp4 	最爱(高清/章子怡郭富城) 	22,769 	9,655 	358,944 	15.76 	22,769 	12,105 	0.53
开放高清 	[VIP]神马格格乌雅心颜遭人肉海量宫廷艳照大集锦.mp4 	神马格格乌雅心颜遭人肉海量宫廷艳照大集锦 	22,744 	17,808 	53,776 	2.36 	22,744 	408 	0.02
开放高清 	男女之战.mp4 	男女之战(性别战争) 	22,711 	10,027 	108,474 	4.78 	22,711 	2,531 	0.11
开放高清 	非诚勿扰-20110911-钻石王子.mp4 	非诚勿扰-20110911-钻石王子 	22,433 	15,578 	570,417 	25.43 	22,433 	23,589 	1.05
开放高清 	新京城四少高清(第02集)_V1.mp4 	新京城四少高清(第02集) 	22,266 	12,329 	443,455 	19.92 	22,265 	15,277 	0.69
开放高清 	一路惊心(高清).mp4 	一路惊心(高清/笨贼一箩筐) 	22,244 	12,463 	724,663 	32.58 	22,244 	21,657 	0.97
开放高清 	喜羊羊与灰太狼之虎虎生威.mp4 	喜羊羊与灰太狼之虎虎生威 	22,141 	7,547 	276,788 	12.50 	21,716 	8,512 	0.39
开放高清 	掩护(第11集).mp4 	掩护(第11集) 	22,136 	12,769 	568,388 	25.68 	22,136 	15,918 	0.72
开放高清 	四川巴中洪水导致近200车辆滞留公路近三天-9月20日.mp4 	【社会】四川巴中洪水导致近200车辆滞留公路近三天-9月20日 	22,068 	12,624 	23,659 	1.07 	22,068 	1,047 	0.05
开放高清 	无人驾驶.mp4 	无人驾驶(网络独播) 	21,903 	10,161 	289,502 	13.22 	21,670 	7,516 	0.35
开放高清 	赌神2_V1.mp4 	赌神2(周润发、梁家辉) 	21,816 	8,251 	498,401 	22.85 	21,816 	3,939 	0.18
开放高清 	只是性，而没有别的.mp4 	只是性，而没有别的(最佳床友) 	21,775 	15,039 	418,995 	19.24 	21,775 	31,865 	1.46
开放高清 	掩护(第03集).mp4 	掩护(第03集) 	21,696 	13,352 	595,060 	27.43 	21,696 	16,594 	0.76
开放高清 	蚁群.mp4 	蚁群(恐怖啃食) 	21,636 	7,791 	326,938 	15.11 	21,607 	8,467 	0.39
开放高清 	魔兽战场(高清).mp4 	魔兽战场(高清/越空魔龙) 	21,578 	11,963 	536,536 	24.86 	21,578 	16,875 	0.78
开放高清 	守护boss(第01集)_V1.mp4 	守护boss(第01集) 	21,577 	9,014 	251,400 	11.65 	21,577 	11,454 	0.53
开放高清 	美女与野兽新世纪激情篇.mp4 	美女与野兽-新世纪激情篇(野兽男孩) 	21,514 	8,612 	155,944 	7.25 	21,514 	2,330 	0.11
开放高清 	意大利总理贝卢斯科尼通话记录曝光称一夜和8女寻欢-9月19日.mp4 	意大利总理贝卢斯科尼通话记录曝光_称“一夜和8女寻欢” 	21,280 	9,344 	10,868 	0.51 	21,280 	614 	0.03
开放高清 	胖女孩(高清).mp4 	胖女孩(高清/姐妹情色) 	21,264 	8,409 	230,469 	10.84 	21,264 	15,191 	0.71
开放高清 	黑势力.mp4 	黑势力(再见古惑仔) 	21,261 	9,429 	301,530 	14.18 	21,079 	7,441 	0.35
开放高清 	北京同仁医院女医生被患者连砍17刀-9月20日.mp4 	北京同仁医院女医生被患者连砍17刀-9月20日 	21,223 	15,271 	18,830 	0.89 	21,223 	1,120 	0.05
开放高清 	步步惊心之精彩看点-第17集：九爷与十三爷御花园大打出手.mp4 	步步惊心之精彩看点-第17集：九爷与十三爷御花园大打出手 	21,109 	12,260 	31,227 	1.48 	21,109 	1,768 	0.08
开放高清 	步步惊心之精彩看点-第17集：四阿哥八阿哥联手绊倒太子.mp4 	步步惊心之精彩看点-第17集：四阿哥八阿哥联手绊倒太子 	20,990 	12,719 	29,072 	1.39 	20,990 	1,430 	0.07
开放高清 	潘金莲.mp4 	潘金莲(红杏出墙) 	20,986 	14,589 	187,747 	8.95 	20,986 	8,277 	0.39
开放高清 	食人鱼3D.mp4 	食人鱼3D(变种食人鱼) 	20,942 	7,522 	274,910 	13.13 	20,865 	7,329 	0.35
开放高清 	生死狙击.mp4 	生死狙击 	20,908 	7,827 	473,336 	22.64 	20,873 	14,371 	0.69
开放高清 	水浒笑传.mp4 	水浒笑传(雌雄大骗) 	20,896 	9,775 	148,208 	7.09 	20,827 	4,131 	0.20
开放高清 	战场2011之王者无敌.mp4 	战场2011之王者无敌(深入黑帮) 	20,818 	13,405 	487,093 	23.40 	20,818 	17,041 	0.82
开放高清 	不速之约国语版(第02集).mp4 	不速之约国语版(第02集) 	20,756 	11,207 	433,076 	20.87 	20,756 	7,171 	0.35
开放高清 	性欲熏心.mp4 	性欲熏心 	20,702 	8,976 	146,304 	7.07 	20,702 	5,568 	0.27
开放高清 	迷途追凶国语版(高清).mp4 	迷途追凶国语版(高清/黄秋生任贤齐) 	20,681 	10,379 	451,542 	21.83 	20,681 	15,576 	0.75
开放高清 	潮性办公室(高清).mp4 	潮性办公室(高清/爆笑舞台) 	20,580 	9,290 	363,523 	17.66 	20,580 	9,010 	0.44
开放高清 	不速之约国语版(第05集).mp4 	不速之约国语版(第05集) 	20,349 	14,673 	501,620 	24.65 	20,349 	9,288 	0.46
开放高清 	天子门生.mp4 	(1991)天子门生(黑帮冲突) 	20,229 	8,533 	391,904 	19.37 	20,182 	7,838 	0.39
开放高清 	我的爱在我身边(第40集).mp4 	我的爱在我身边(第40集) 	20,144 	5,881 	296,158 	14.70 	20,144 	6,613 	0.33
开放高清 	新还珠格格高清(第98集).mp4 	新还珠格格高清(第98集) 	20,091 	14,766 	422,235 	21.02 	20,091 	23,479 	1.17
开放高清 	步步惊心之精彩看点-第17集：若曦因婚事伤心欲绝四爷对爱人无微不至.mp4 	步步惊心之精彩看点-第17集：若曦因婚事伤心欲绝四爷对爱人无微不至 	19,956 	10,279 	31,899 	1.60 	19,956 	1,354 	0.07
开放高清 	我老婆是赌圣.mp4 	我老婆是赌圣(失忆赌王) 	19,948 	8,005 	479,324 	24.03 	19,899 	12,016 	0.60
开放高清 	今年一定要嫁出去.mp4 	今年一定要嫁出去(剩女求爱记) 	19,944 	12,029 	452,921 	22.71 	19,944 	12,671 	0.64
开放高清 	实拍黑作坊用腐烂内脏炼油查封现场民警狂吐-9月20日.mp4 	实拍黑作坊用腐烂内脏炼油_查封现场民警狂吐-9月20日 	19,916 	12,286 	15,565 	0.78 	19,915 	1,075 	0.05
开放高清 	拳霸2(蓝光).mp4 	拳霸2(蓝光/冬荫功) 	19,853 	8,622 	352,435 	17.75 	19,853 	100,252 	5.05
开放高清 	掩护(第09集).mp4 	掩护(第09集) 	19,732 	12,119 	540,268 	27.38 	19,731 	15,607 	0.79
开放高清 	掩护(第04集).mp4 	掩护(第04集) 	19,703 	12,441 	565,102 	28.68 	19,703 	15,267 	0.77
开放高清 	房不剩防(高清).mp4 	房不剩防(高清/销魂“房事”) 	19,436 	8,553 	261,890 	13.47 	19,436 	9,477 	0.49
开放高清 	十三鬼叫门.mp4 	十三鬼叫门(血肉横飞) 	19,353 	7,647 	179,475 	9.27 	19,294 	5,481 	0.28
开放高清 	突变异种.mp4 	突变异种(嗜血僵尸) 	19,310 	7,181 	180,319 	9.34 	19,294 	5,373 	0.28
开放高清 	青之驱魔师(第23集).mp4 	青之驱魔师(第23集) 	19,264 	10,766 	288,005 	14.95 	19,264 	9,324 	0.48
开放高清 	最强质(高清).mp4 	最强质(喜事2011/高清) 	19,210 	7,729 	313,933 	16.34 	19,056 	15,055 	0.79
开放高清 	潜行狙击(第01集).mp4 	潜行狙击(第01集) 	19,133 	7,328 	161,521 	8.44 	19,133 	5,936 	0.31
  	  	合计 	13,985,634 	6,806,493 	244,174,441 	17.46 	13,981,102 	11,089,741 	0.79
