开放高清 	天天向上-20111014-林心如携倾世皇妃华丽来袭.mp4 	天天向上-20111014-林心如携倾世皇妃华丽来袭 	301,357 	245,067 	14,963,298 	49.65 	301,354 	1,166,793 	3.87
开放高清 	窃听风云2(高清)_V1.mp4 	窃听风云2(高清/古天乐吴彦祖) 	244,152 	195,340 	16,206,032 	66.38 	244,152 	502,197 	2.06
开放高清 	当婆婆遇上妈(第14集).mp4 	当婆婆遇上妈(第14集) 	188,519 	137,291 	6,278,555 	33.30 	188,519 	296,149 	1.57
开放高清 	当婆婆遇上妈(第13集).mp4 	当婆婆遇上妈(第13集) 	176,067 	131,816 	6,110,387 	34.70 	176,066 	302,266 	1.72
开放高清 	法证先锋3国语版(第05集).mp4 	法证先锋3国语版(第05集) 	155,290 	123,854 	6,275,426 	40.41 	155,290 	240,655 	1.55
开放高清 	法证先锋3(第05集).mp4 	法证先锋3(高清05集) 	144,666 	113,797 	5,296,387 	36.61 	144,665 	332,585 	2.30
开放高清 	当婆婆遇上妈(第01集).mp4 	当婆婆遇上妈(第01集) 	143,028 	116,019 	3,460,177 	24.19 	143,027 	172,341 	1.20
开放高清 	康熙来了-20111014-曾发片歌手超认真歌唱赛.mp4 	康熙来了-曾发片歌手超认真歌唱赛 	134,807 	114,526 	3,959,210 	29.37 	134,807 	149,614 	1.11
开放高清 	游戏小道花边-20111013-矶山沙也加和川村由纪惠.mp4 	日系巨乳少女室内清凉肉搏 	130,787 	106,152 	306,899 	2.35 	130,787 	36,043 	0.28
开放高清 	坡州.mp4 	坡州 	128,427 	112,902 	2,068,346 	16.11 	128,420 	110,292 	0.86
开放高清 	法证先锋3(第01集).mp4 	法证先锋3(第01集) 	105,608 	89,844 	1,977,999 	18.73 	105,607 	96,827 	0.92
开放高清 	当婆婆遇上妈(第12集).mp4 	当婆婆遇上妈(第12集) 	105,041 	82,276 	3,176,486 	30.24 	105,040 	131,770 	1.25
开放高清 	窃听风云2(蓝光).mp4 	窃听风云2(蓝光/操盘风云2) 	101,430 	81,408 	6,848,681 	67.52 	101,428 	471,350 	4.65
开放高清 	法证先锋3国语版(第04集).mp4 	法证先锋3国语版(第04集) 	98,595 	78,630 	3,593,764 	36.45 	98,594 	71,503 	0.73
开放高清 	火影忍者(第452集).mp4 	火影忍者(第452集) 	97,863 	83,802 	1,734,495 	17.72 	97,861 	69,667 	0.71
开放高清 	出轨的女人.mp4 	出轨的女人(三角女同爱情) 	97,572 	80,036 	2,893,835 	29.66 	97,572 	116,324 	1.19
开放高清 	禽兽.mp4 	禽兽(以暴制暴) 	93,584 	84,036 	2,405,645 	25.71 	93,584 	65,667 	0.70
开放高清 	下女(高清).mp4 	下女(高清/侍女) 	89,935 	80,077 	1,538,792 	17.11 	89,935 	125,701 	1.40
开放高清 	当婆婆遇上妈(第11集).mp4 	当婆婆遇上妈(第11集) 	87,079 	67,923 	2,902,448 	33.33 	87,079 	115,764 	1.33
开放高清 	法证先锋3(第04集).mp4 	法证先锋3(第04集) 	86,946 	68,609 	3,021,615 	34.75 	86,945 	108,917 	1.25
开放高清 	法证先锋3国语版(第01集).mp4 	法证先锋3国语版(第01集) 	82,326 	68,995 	2,366,497 	28.75 	82,326 	59,303 	0.72
开放高清 	当婆婆遇上妈(第02集).mp4 	当婆婆遇上妈(第02集) 	82,014 	67,239 	2,837,370 	34.60 	82,014 	112,577 	1.37
开放高清 	当婆婆遇上妈(第05集).mp4 	当婆婆遇上妈(第05集) 	81,464 	58,188 	2,361,359 	28.99 	81,464 	84,759 	1.04
开放高清 	当婆婆遇上妈(第04集).mp4 	当婆婆遇上妈(第04集) 	81,463 	62,682 	2,581,952 	31.69 	81,463 	87,565 	1.07
开放高清 	当婆婆遇上妈(第03集).mp4 	当婆婆遇上妈(第03集) 	80,639 	64,994 	2,751,611 	34.12 	80,638 	103,292 	1.28
开放高清 	步步惊心(第01集).mp4 	步步惊心(第01集) 	77,919 	61,415 	1,276,651 	16.38 	77,919 	78,831 	1.01
开放高清 	当婆婆遇上妈(第06集).mp4 	当婆婆遇上妈(第06集) 	77,903 	56,909 	1,901,016 	24.40 	77,902 	68,237 	0.88
开放高清 	少女时代-The.Boys(舞蹈预告片15秒英文版).mp4 	少女时代-The.Boys(舞蹈预告片15秒英文版) 	75,586 	58,306 	48,286 	0.64 	75,586 	3,593 	0.05
开放高清 	当婆婆遇上妈(第07集).mp4 	当婆婆遇上妈(第07集) 	75,383 	56,987 	2,357,545 	31.27 	75,383 	84,297 	1.12
开放高清 	当婆婆遇上妈(第10集).mp4 	当婆婆遇上妈(第10集) 	75,294 	59,804 	2,486,384 	33.02 	75,294 	90,114 	1.20
开放高清 	当婆婆遇上妈(第08集).mp4 	当婆婆遇上妈(第08集) 	71,699 	57,109 	2,376,325 	33.14 	71,699 	83,995 	1.17
开放高清 	当婆婆遇上妈(第09集).mp4 	当婆婆遇上妈(第09集) 	71,430 	57,455 	2,379,471 	33.31 	71,430 	88,013 	1.23
开放高清 	法证先锋3国语版(第03集).mp4 	法证先锋3国语版(第03集) 	69,865 	57,147 	2,588,294 	37.05 	69,865 	46,687 	0.67
开放高清 	法证先锋3国语版(第02集)_V1.mp4 	法证先锋3国语版(第02集) 	61,209 	51,154 	2,344,585 	38.30 	61,209 	42,432 	0.69
开放高清 	康熙来了-20111013-棒棒堂大战胖胖堂.mp4 	康熙来了-20111013-棒棒堂大战胖胖堂 	57,547 	50,140 	2,328,441 	40.46 	57,547 	61,851 	1.07
开放高清 	法证先锋3(第03集).mp4 	法证先锋3(第03集) 	57,338 	46,530 	2,039,403 	35.57 	57,338 	69,872 	1.22
开放高清 	教室别恋.mp4 	教室别恋(师生畸恋) 	57,262 	47,056 	1,406,779 	24.57 	57,262 	62,590 	1.09
开放高清 	快乐大本营-20111008-美女蔡妍李多海.mp4 	快乐大本营-20111008-美女蔡妍李多海 	54,732 	45,138 	2,512,795 	45.91 	54,726 	153,874 	2.81
开放高清 	左边床，右边床.mp4 	左边床，右边床(上错床) 	53,821 	46,517 	657,665 	12.22 	53,821 	19,611 	0.36
开放高清 	非诚勿扰-20111009-美国专场女嘉宾都是高学历.mp4 	非诚勿扰-20111009-美国专场女嘉宾都是高学历 	53,476 	42,275 	2,445,568 	45.73 	53,476 	136,047 	2.54
开放高清 	万有引力(高清).mp4 	万有引力(高清/理性与肉欲间挣扎) 	51,178 	43,394 	2,122,745 	41.48 	51,178 	88,025 	1.72
开放高清 	法证先锋3(第02集)_V1.mp4 	法证先锋3(第02集) 	51,082 	42,070 	1,789,132 	35.02 	51,082 	65,823 	1.29
开放高清 	步步惊心(第35集).mp4 	步步惊心(第35集) 	47,296 	38,211 	1,534,335 	32.44 	47,296 	80,953 	1.71
开放高清 	全球热恋(高清).mp4 	全球热恋(高清/桂纶镁郭富城) 	43,548 	37,198 	1,951,870 	44.82 	43,548 	59,488 	1.37
开放高清 	尸地余生.mp4 	尸地余生(丧尸肆虐) 	43,058 	35,878 	1,994,857 	46.33 	43,058 	53,862 	1.25
开放高清 	禁果(偷尝禁果后的忏悔).mp4 	禁果(偷尝禁果后的忏悔) 	42,686 	39,032 	259,914 	6.09 	42,686 	15,114 	0.35
开放高清 	倾世皇妃预告片111001.mp4 	倾世皇妃预告片111001 	41,588 	36,970 	41,366 	0.99 	41,588 	5,826 	0.14
开放高清 	荃加福禄寿探案(第09集).mp4 	荃加福禄寿探案(第09集) 	40,374 	31,583 	1,664,400 	41.22 	40,374 	114,013 	2.82
开放高清 	海贼王(第518集).mp4 	海贼王(第518集) 	39,692 	33,340 	562,718 	14.18 	39,692 	35,688 	0.90
开放高清 	当婆婆遇上妈(第15集).mp4 	当婆婆遇上妈(第15集) 	38,319 	30,944 	1,195,234 	31.19 	38,319 	338,782 	8.84
开放高清 	我是真的(第14集)_V2.mp4 	我是真的(第14集) 	38,298 	26,507 	1,086,071 	28.36 	38,298 	56,619 	1.48
开放高清 	真性假爱.mp4 	真性假爱(留长发的女孩) 	37,165 	33,314 	523,553 	14.09 	37,165 	15,110 	0.41
开放高清 	孤岛惊魂(高清)_V1.mp4 	孤岛惊魂(高清/杨幂) 	36,390 	30,376 	1,546,973 	42.51 	36,389 	73,665 	2.02
开放高清 	新僵尸先生.mp4 	(1992)新僵尸先生(茅山道士) 	35,905 	30,974 	1,086,026 	30.25 	35,837 	23,190 	0.65
开放高清 	爱情睡醒了(第40集).mp4 	爱情睡醒了(第40集) 	35,784 	28,147 	1,077,120 	30.10 	35,784 	60,552 	1.69
开放高清 	武侠(高清).mp4 	武侠(高清/甄子丹) 	34,770 	28,876 	1,556,420 	44.76 	34,770 	60,133 	1.73
开放高清 	我是真的(第01集)_V1.mp4 	我是真的(第01集) 	33,899 	28,507 	569,472 	16.80 	33,899 	30,859 	0.91
开放高清 	山东拾荒老人囚禁智障女子全身赤裸被锁破屋内-10月14日.mp4 	山东拾荒老人囚禁智障女子_全身赤裸被锁破屋内 	33,779 	25,653 	82,713 	2.45 	33,779 	4,357 	0.13
开放高清 	老梁故事汇-20110206-赵本山春晚二十年.mp4 	老梁故事汇-赵本山春晚二十年-20110206 	33,496 	28,164 	519,532 	15.51 	33,496 	24,295 	0.73
开放高清 	爱情睡醒了(第01集).mp4 	爱情睡醒了(第01集) 	32,805 	26,170 	586,702 	17.88 	32,805 	40,872 	1.25
开放高清 	奇思妙想喜羊羊(第01集).mp4 	奇思妙想喜羊羊(第01集) 	32,748 	25,322 	294,283 	8.99 	32,748 	29,239 	0.89
开放高清 	我是真的(第13集)_V1.mp4 	我是真的(第13集) 	32,611 	25,148 	1,096,655 	33.63 	32,611 	55,749 	1.71
开放高清 	少女时代-Image.Tease.预告片38秒版-高清.mp4 	少女时代-Image.Tease.预告片38秒版 	32,527 	28,355 	30,047 	0.92 	32,527 	2,376 	0.07
开放高清 	尴尬瞬间比基尼美女忘我跳舞摔下船-10月15日.mp4 	【现场】尴尬瞬间_比基尼美女忘我跳舞摔下船-10月15日 	31,430 	28,329 	9,490 	0.30 	31,430 	3,416 	0.11
开放高清 	步步惊心(第34集).mp4 	步步惊心(第34集) 	31,307 	25,636 	1,051,443 	33.58 	31,307 	43,208 	1.38
开放高清 	长春砍手门死者临终前视频浑身鲜血惨不忍睹-10月14日.mp4 	长春“砍手门”死者临终前视频_浑身鲜血惨不忍睹-10月14日 	31,127 	26,552 	12,947 	0.42 	31,127 	1,773 	0.06
开放高清 	火影忍者(第451集).mp4 	火影忍者(第451集) 	30,911 	26,585 	441,794 	14.29 	30,911 	15,879 	0.51
开放高清 	步步惊心(第02集).mp4 	步步惊心(第02集) 	30,789 	24,554 	924,279 	30.02 	30,788 	42,942 	1.39
开放高清 	江湖最后一个大佬.mp4 	江湖最后一个大佬(周星驰) 	30,739 	15,876 	631,388 	20.54 	30,644 	14,526 	0.47
开放高清 	荃加福禄寿探案国语版(第09集).mp4 	荃加福禄寿探案国语版(第09集) 	30,531 	24,223 	1,203,917 	39.43 	30,531 	53,733 	1.76
开放高清 	水性杨花.mp4 	水性杨花(放荡) 	30,287 	27,087 	260,929 	8.62 	30,287 	14,635 	0.48
开放高清 	步步惊心(第25集).mp4 	步步惊心(第25集) 	29,382 	23,122 	940,547 	32.01 	29,382 	34,784 	1.18
开放高清 	性与早餐.mp4 	性与早餐(婚姻和性) 	28,825 	25,644 	419,692 	14.56 	28,780 	23,016 	0.80
开放高清 	步步惊心(第26集).mp4 	步步惊心(第26集) 	28,690 	22,715 	942,712 	32.86 	28,690 	32,143 	1.12
开放高清 	步步惊心(第27集).mp4 	步步惊心(第27集) 	28,625 	22,533 	927,906 	32.42 	28,625 	32,599 	1.14
开放高清 	步步惊心(第28集).mp4 	步步惊心(第28集) 	28,444 	22,599 	935,332 	32.88 	28,443 	34,260 	1.20
开放高清 	步步惊心(第33集).mp4 	步步惊心(第33集) 	27,948 	22,667 	963,739 	34.48 	27,948 	35,265 	1.26
开放高清 	游戏小道花边-20111014-山寨少女时代美脚传说.mp4 	日本山寨少女时代火辣大腿舞 	27,933 	24,905 	49,827 	1.78 	27,933 	5,981 	0.21
开放高清 	步步惊心高清(第03集).mp4 	步步惊心(第03集) 	27,931 	22,099 	885,504 	31.70 	27,931 	42,205 	1.51
开放高清 	步步惊心(第04集).mp4 	步步惊心(第04集) 	27,834 	21,235 	841,764 	30.24 	27,833 	33,759 	1.21
开放高清 	赤裸特工.mp4 	赤裸特工(床上杀手) 	27,782 	22,864 	870,753 	31.34 	27,692 	34,178 	1.23
开放高清 	步步惊心(第30集).mp4 	步步惊心(第30集) 	27,706 	22,239 	968,975 	34.97 	27,706 	34,298 	1.24
开放高清 	步步惊心(第29集).mp4 	步步惊心(第29集) 	27,689 	22,194 	971,108 	35.07 	27,689 	34,122 	1.23
开放高清 	爱情睡醒了(第25集).mp4 	爱情睡醒了(第25集) 	27,116 	16,061 	579,579 	21.37 	27,116 	24,209 	0.89
开放高清 	步步惊心(第32集).mp4 	步步惊心(第32集) 	27,004 	21,829 	913,449 	33.83 	27,004 	34,220 	1.27
开放高清 	步步惊心(第31集).mp4 	步步惊心(第31集) 	26,957 	21,652 	930,311 	34.51 	26,957 	34,367 	1.27
开放高清 	游戏小道花边-20111008-S崎巯娜盏男〖拍_V1.mp4 	[美女]_17岁童颜巨乳夏日写真 	26,870 	21,970 	58,346 	2.17 	26,870 	6,825 	0.25
开放高清 	小资女孩向前冲(第08集).mp4 	小资女孩向前冲(第08集) 	26,747 	20,471 	996,171 	37.24 	26,747 	30,903 	1.16
开放高清 	步步惊心(第05集).mp4 	步步惊心(第05集) 	26,429 	20,506 	819,635 	31.01 	26,429 	29,318 	1.11
开放高清 	非诚勿扰-20111008-小眼男遭女方大胆告白.mp4 	非诚勿扰-20111008-小眼男遭女方大胆告白 	26,427 	20,865 	1,216,666 	46.04 	26,427 	61,700 	2.33
开放高清 	步步惊心(第06集).mp4 	步步惊心(第06集) 	26,174 	20,033 	825,505 	31.54 	26,173 	30,919 	1.18
开放高清 	步步惊心(第08集).mp4 	步步惊心(第08集) 	26,160 	19,714 	817,401 	31.25 	26,160 	31,564 	1.21
开放高清 	步步惊心(第10集).mp4 	步步惊心(第10集) 	26,107 	19,878 	818,483 	31.35 	26,107 	32,115 	1.23
开放高清 	步步惊心(第21集).mp4 	步步惊心(第21集) 	26,027 	20,518 	877,308 	33.71 	26,027 	32,927 	1.27
开放高清 	步步惊心(第07集).mp4 	步步惊心(第07集) 	25,944 	19,777 	821,490 	31.66 	25,944 	29,447 	1.14
开放高清 	步步惊心(第24集).mp4 	步步惊心(第24集) 	25,932 	20,668 	881,242 	33.98 	25,931 	29,992 	1.16
开放高清 	倾世皇妃预告片.mp4 	倾世皇妃预告片 	25,885 	23,110 	95,194 	3.68 	25,885 	4,485 	0.17
开放高清 	步步惊心(第09集).mp4 	步步惊心(第09集) 	25,868 	19,419 	825,344 	31.91 	25,867 	32,423 	1.25
开放高清 	窃听风云2_V1.mp4 	窃听风云2(谁在操盘你) 	25,854 	21,579 	1,845,250 	71.37 	25,854 	37,654 	1.46
开放高清 	暗拍深圳南山夜总会卖淫黑窝小姐打扮妖艳衣着暴露-10月14日.mp4 	暗拍深圳夜总会挑选小姐_打扮妖艳衣着暴露-10月14日 	25,815 	22,686 	25,180 	0.98 	25,815 	4,545 	0.18
开放高清 	步步惊心(第22集).mp4 	步步惊心(第22集) 	25,747 	20,512 	888,681 	34.52 	25,747 	32,537 	1.26
开放高清 	喜羊羊与灰太狼之牛气冲天.mp4 	喜羊羊与灰太狼之牛气冲天 	25,510 	18,068 	674,914 	26.46 	25,166 	24,840 	0.99
开放高清 	荃加福禄寿探案(第08集).mp4 	荃加福禄寿探案(第08集) 	25,507 	19,928 	955,803 	37.47 	25,506 	34,406 	1.35
开放高清 	步步惊心(第18集).mp4 	步步惊心(第18集) 	25,492 	20,105 	840,498 	32.97 	25,492 	28,187 	1.11
开放高清 	步步惊心(第20集).mp4 	步步惊心(第20集) 	25,449 	20,360 	859,298 	33.77 	25,449 	33,801 	1.33
开放高清 	跟踪孔令学(高清)_V3.mp4 	跟踪孔令学(高清/范伟) 	25,308 	22,860 	657,958 	26.00 	25,308 	25,903 	1.02
开放高清 	步步惊心(第23集).mp4 	步步惊心(第23集) 	25,291 	20,196 	852,613 	33.71 	25,291 	33,209 	1.31
开放高清 	佳节.mp4 	佳节(情色私生活) 	25,093 	21,368 	619,304 	24.68 	25,005 	25,327 	1.01
开放高清 	步步惊心(第16集).mp4 	步步惊心(第16集) 	24,807 	19,682 	848,640 	34.21 	24,807 	33,254 	1.34
开放高清 	当婆婆遇上妈(第16集).mp4 	当婆婆遇上妈(第16集) 	24,705 	20,503 	662,020 	26.80 	24,705 	195,628 	7.92
开放高清 	步步惊心(第19集).mp4 	步步惊心(第19集) 	24,647 	19,660 	830,425 	33.69 	24,647 	31,048 	1.26
开放高清 	步步惊心(第17集).mp4 	步步惊心(第17集) 	24,396 	19,394 	840,955 	34.47 	24,396 	32,494 	1.33
开放高清 	步步惊心(第13集).mp4 	步步惊心(第13集) 	24,301 	19,367 	795,517 	32.74 	24,301 	27,231 	1.12
开放高清 	爱情睡醒了(第39集).mp4 	爱情睡醒了(第39集) 	24,248 	19,386 	750,569 	30.95 	24,248 	36,709 	1.51
开放高清 	步步惊心(第12集).mp4 	步步惊心(第12集) 	24,157 	19,161 	766,783 	31.74 	24,157 	27,790 	1.15
开放高清 	步步惊心(第15集).mp4 	步步惊心(第15集) 	24,040 	18,894 	785,632 	32.68 	24,040 	29,824 	1.24
开放高清 	康熙来了-20111012-歌手惊人的另类才艺.mp4 	康熙来了-20111012-歌手惊人的另类才艺 	23,642 	20,941 	892,754 	37.76 	23,642 	21,164 	0.90
开放高清 	步步惊心(第11集).mp4 	步步惊心(第11集) 	23,632 	18,775 	768,299 	32.51 	23,632 	28,189 	1.19
开放高清 	步步惊心(第14集).mp4 	步步惊心(第14集) 	23,529 	18,482 	777,376 	33.04 	23,529 	26,933 	1.14
开放高清 	朋友也上床.mp4 	朋友也上床(炮友关系) 	23,484 	20,174 	701,644 	29.88 	23,484 	26,419 	1.12
开放高清 	爱情睡醒了(第38集).mp4 	爱情睡醒了(第38集) 	23,155 	18,268 	699,981 	30.23 	23,155 	32,511 	1.40
开放高清 	[VIP]床照门-李天一女友艳照大曝光-湿身诱惑.mp4 	床照门：李天一女友艳照大曝光，湿身诱惑 	22,929 	19,017 	46,141 	2.01 	22,929 	557 	0.02
开放高清 	7号差馆(高清).mp4 	7号差馆(高清/连环少女奸杀案) 	22,826 	20,041 	609,818 	26.72 	22,826 	37,702 	1.65
开放高清 	血战沙漠.mp4 	血战沙漠(阿富汗战争) 	22,808 	20,174 	800,876 	35.11 	22,808 	19,801 	0.87
开放高清 	爱情睡醒了(第37集).mp4 	爱情睡醒了(第37集) 	22,117 	17,391 	666,189 	30.12 	22,116 	27,735 	1.25
开放高清 	妖精的尾巴(第101集).mp4 	妖精的尾巴(第101集) 	21,960 	17,849 	436,374 	19.87 	21,960 	51,646 	2.35
开放高清 	叛狱风云(高清).mp4 	死亡实验(高清/叛狱风云) 	21,843 	19,663 	792,012 	36.26 	21,843 	32,349 	1.48
开放高清 	财神客栈(高清).mp4 	财神客栈(高清/谢霆锋阿SA) 	21,578 	17,830 	1,014,334 	47.01 	21,578 	44,700 	2.07
开放高清 	爱情睡醒了(第33集).mp4 	爱情睡醒了(第33集) 	21,577 	16,903 	637,588 	29.55 	21,575 	26,173 	1.21
开放高清 	爱情睡醒了(第36集).mp4 	爱情睡醒了(第36集) 	21,310 	16,965 	649,558 	30.48 	21,310 	29,812 	1.40
开放高清 	猿族崛起.mp4 	猿族崛起(猿人争霸战) 	21,234 	18,485 	1,033,111 	48.65 	21,234 	6,436 	0.30
开放高清 	国光帮帮忙-20111013-国光帮之谁是男子汉.mp4 	国光帮帮忙-20111013-国光帮之谁是男子汉 	21,100 	18,583 	712,515 	33.77 	21,100 	13,082 	0.62
开放高清 	爱情睡醒了(第32集).mp4 	爱情睡醒了(第32集) 	21,074 	16,564 	613,611 	29.12 	21,074 	23,158 	1.10
开放高清 	爱情睡醒了(第28集).mp4 	爱情睡醒了(第28集) 	20,916 	16,268 	589,889 	28.20 	20,916 	28,002 	1.34
开放高清 	死神(第343集).mp4 	死神(第343集) 	20,870 	18,208 	354,285 	16.98 	20,870 	12,474 	0.60
开放高清 	爱情睡醒了(第35集).mp4 	爱情睡醒了(第35集) 	20,771 	16,650 	622,190 	29.95 	20,771 	24,243 	1.17
开放高清 	爱情睡醒了(第31集).mp4 	爱情睡醒了(第31集) 	20,629 	16,161 	612,724 	29.70 	20,629 	26,737 	1.30
开放高清 	荃加福禄寿探案国语版(第08集).mp4 	荃加福禄寿探案国语版(第08集) 	20,561 	16,088 	724,631 	35.24 	20,561 	12,256 	0.60
开放高清 	荃加福禄寿探案(第01集).mp4 	荃加福禄寿探案(第01集) 	20,511 	17,888 	349,408 	17.04 	20,511 	19,116 	0.93
开放高清 	爱情睡醒了(第34集).mp4 	爱情睡醒了(第34集) 	20,445 	16,265 	603,109 	29.50 	20,445 	25,621 	1.25
开放高清 	爱情真可怕(高清).mp4 	爱情真可怕(高清/一夜情深) 	20,383 	17,886 	322,947 	15.84 	20,383 	32,452 	1.59
开放高清 	爱情睡醒了(第30集).mp4 	爱情睡醒了(第30集) 	20,322 	16,011 	609,102 	29.97 	20,321 	29,408 	1.45
开放高清 	最后一站.mp4 	最后一站 	20,170 	18,058 	265,878 	13.18 	20,170 	16,410 	0.81
开放高清 	爱情睡醒了(第26集).mp4 	爱情睡醒了(第26集) 	20,065 	15,915 	596,949 	29.75 	20,065 	26,185 	1.31
开放高清 	窃听风云2粤语(高清).mp4 	窃听风云2粤语(高清/刘青云叶璇) 	19,917 	16,056 	1,141,179 	57.30 	19,917 	47,312 	2.38
开放高清 	爱情睡醒了(第27集).mp4 	爱情睡醒了(第27集) 	19,898 	15,706 	593,470 	29.83 	19,898 	24,107 	1.21
开放高清 	翻转.mp4 	翻转(美国最新动作片) 	19,823 	18,057 	460,349 	23.22 	19,823 	15,372 	0.78
开放高清 	赌神.mp4 	赌神(赌王集合) 	19,637 	16,602 	937,126 	47.72 	19,319 	43,920 	2.27
开放高清 	爱情睡醒了(第29集).mp4 	爱情睡醒了(第29集) 	19,467 	15,232 	587,789 	30.19 	19,467 	24,582 	1.26
开放高清 	少女时代-Image.Tease.预告片67秒版-高清.mp4 	少女时代-Image.Tease.预告片67秒版 	19,298 	15,991 	21,540 	1.12 	19,298 	1,527 	0.08
开放高清 	罪恶王冠(第01集).mp4 	罪恶王冠(第01集) 	19,288 	16,765 	286,391 	14.85 	19,288 	10,735 	0.56
开放高清 	我是真的(第12集)_V1.mp4 	我是真的(第12集) 	19,069 	14,536 	531,034 	27.85 	19,069 	21,528 	1.13
开放高清 	爱情睡醒了(第16集).mp4 	爱情睡醒了(第16集) 	19,059 	14,598 	514,248 	26.98 	19,058 	22,240 	1.17
开放高清 	奇思妙想喜羊羊(第02集).mp4 	奇思妙想喜羊羊(第02集) 	18,717 	15,782 	224,335 	11.99 	18,717 	13,413 	0.72
开放高清 	爱情睡醒了(第24集).mp4 	爱情睡醒了(第24集) 	18,688 	14,763 	552,229 	29.55 	18,688 	22,853 	1.22
开放高清 	僵尸新娘(高清).mp4 	僵尸新娘(高清/约翰尼戴普) 	18,670 	17,020 	252,430 	13.52 	18,670 	14,131 	0.76
开放高清 	女巫季节(蓝光).mp4 	女巫季节(蓝光/魔女神兵) 	18,651 	15,769 	713,070 	38.23 	18,639 	64,447 	3.46
开放高清 	喜羊羊与灰太狼之虎虎生威.mp4 	喜羊羊与灰太狼之虎虎生威 	18,642 	13,339 	573,702 	30.77 	18,159 	18,769 	1.03
开放高清 	我爱记歌词-20111014-苏醒来助阵.mp4 	我爱记歌词-20111014-苏醒来助阵 	18,593 	15,526 	806,695 	43.39 	18,592 	72,670 	3.91
开放高清 	潘金莲.mp4 	潘金莲(红杏出墙) 	18,544 	16,680 	211,663 	11.41 	18,544 	10,551 	0.57
开放高清 	爱情睡醒了(第23集).mp4 	爱情睡醒了(第23集) 	18,503 	14,547 	537,978 	29.08 	18,503 	22,765 	1.23
开放高清 	小资女孩向前冲(第01集)_V2.mp4 	小资女孩向前冲(第01集) 	18,502 	15,230 	580,225 	31.36 	18,502 	33,220 	1.80
开放高清 	爱情睡醒了(第02集).mp4 	爱情睡醒了(第02集) 	18,417 	14,559 	483,657 	26.26 	18,417 	20,688 	1.12
开放高清 	唐人街(高清).mp4 	唐人街(高清/淫恶之罪) 	18,347 	16,699 	233,266 	12.71 	18,347 	13,240 	0.72
开放高清 	爱情睡醒了(第20集).mp4 	爱情睡醒了(第20集) 	18,296 	14,474 	509,942 	27.87 	18,296 	23,423 	1.28
开放高清 	爱情睡醒了(第21集).mp4 	爱情睡醒了(第21集) 	18,217 	14,285 	524,185 	28.77 	18,217 	23,526 	1.29
开放高清 	爱情睡醒了(第22集).mp4 	爱情睡醒了(第22集) 	18,177 	14,410 	537,028 	29.54 	18,177 	22,586 	1.24
开放高清 	无间道3(蓝光).mp4 	无间道3(蓝光/梁朝伟陈道明) 	18,164 	14,815 	1,120,679 	61.70 	18,164 	113,284 	6.24
开放高清 	爱情睡醒了(第15集).mp4 	爱情睡醒了(第15集) 	18,134 	14,221 	525,309 	28.97 	18,134 	27,652 	1.52
开放高清 	美女匪帮.mp4 	美女匪帮 	18,099 	16,317 	224,590 	12.41 	18,040 	10,192 	0.56
开放高清 	一夜情.mp4 	一夜情(高清) 	17,991 	15,408 	367,284 	20.41 	17,991 	8,795 	0.49
开放高清 	天天向上-20111007-双生少女成长记.mp4 	天天向上-20111007-双生少女成长记 	17,885 	15,532 	762,801 	42.65 	17,885 	32,377 	1.81
开放高清 	妖精的尾巴(第100集).mp4 	妖精的尾巴(第100集) 	17,861 	15,015 	245,432 	13.74 	17,861 	12,105 	0.68
开放高清 	少林僵尸.mp4 	少林僵尸(魔幻界) 	17,836 	14,522 	676,437 	37.93 	17,787 	18,166 	1.02
开放高清 	婚外初夜.mp4 	婚外初夜 	17,715 	15,818 	290,492 	16.40 	17,715 	7,960 	0.45
开放高清 	奥特曼列传(第01集).mp4 	奥特曼列传(第01集) 	17,615 	13,136 	237,236 	13.47 	17,615 	14,136 	0.80
开放高清 	火影忍者(第001集).mp4 	火影忍者(第001集) 	17,606 	14,389 	74,716 	4.24 	17,481 	2,815 	0.16
开放高清 	绝不认输(第01集).mp4 	绝不认输(第01集) 	17,593 	15,721 	386,040 	21.94 	17,593 	5,352 	0.30
开放高清 	鬼情人.mp4 	鬼情人(千万别出轨) 	17,484 	15,545 	495,297 	28.33 	17,484 	7,655 	0.44
开放高清 	铠甲勇士刑天(第01集).mp4 	铠甲勇士刑天(第01集) 	17,445 	12,819 	163,255 	9.36 	17,012 	8,114 	0.48
开放高清 	喜羊羊与灰太狼(第001集).mp4 	喜羊羊与灰太狼(第001集) 	17,405 	13,796 	129,034 	7.41 	17,405 	13,571 	0.78
开放高清 	爱情睡醒了(第19集).mp4 	爱情睡醒了(第19集) 	17,352 	13,614 	502,242 	28.94 	17,352 	21,153 	1.22
开放高清 	爱情睡醒了(第18集).mp4 	爱情睡醒了(第18集) 	17,266 	13,507 	505,108 	29.25 	17,266 	26,090 	1.51
开放高清 	倾世皇妃(片花).mp4 	倾世皇妃(片花) 	17,212 	14,822 	126,775 	7.37 	17,212 	3,571 	0.21
开放高清 	少林寺否认释永信桃色新闻已交警方调查-10月15日.mp4 	少林寺否认释永信桃色新闻_已交警方调查-10月15日 	16,872 	15,459 	21,396 	1.27 	16,872 	2,492 	0.15
开放高清 	爱情睡醒了(第17集).mp4 	爱情睡醒了(第17集) 	16,848 	13,278 	490,632 	29.12 	16,848 	19,644 	1.17
开放高清 	壹周立波秀之十一特别节目-反腐.mp4 	壹周立波秀之十一特别节目-反腐 	16,670 	13,718 	570,289 	34.21 	16,670 	21,915 	1.31
开放高清 	本山快乐营-20111014-非诚勿扰.mp4 	本山快乐营-20111014-非诚勿扰 	16,584 	13,557 	571,016 	34.43 	16,584 	33,649 	2.03
开放高清 	大学生了没-20111013-同学上课穿这样太超过了吧.mp4 	大学生了没-20111013-同学上课穿这样太超过了吧 	16,539 	14,824 	598,539 	36.19 	16,539 	20,806 	1.26
开放高清 	窃听风云2粤语版(蓝光).mp4 	窃听风云2粤语版(蓝光) 	16,482 	13,198 	1,010,583 	61.31 	16,482 	75,237 	4.56
开放高清 	假面骑士电王xOOO剧场版.mp4 	假面骑士电王xOOO剧场版 	16,301 	11,710 	591,997 	36.32 	16,301 	33,526 	2.06
开放高清 	荃加福禄寿探案(第07集).mp4 	荃加福禄寿探案(第07集) 	16,213 	12,716 	566,190 	34.92 	16,212 	19,601 	1.21
开放高清 	狙击精英：重装上阵.mp4 	狙击精英：重装上阵 	16,193 	13,955 	601,805 	37.16 	16,184 	15,325 	0.95
开放高清 	爱情睡醒了(第03集).mp4 	爱情睡醒了(第03集) 	16,143 	12,883 	467,808 	28.98 	16,143 	20,919 	1.30
开放高清 	宫锁心玉(第01集).mp4 	宫锁心玉(第01集) 	16,060 	8,493 	224,653 	13.99 	15,978 	18,715 	1.17
开放高清 	曼谷重击(高清).mp4 	曼谷重击(高清/玩命KO) 	15,992 	14,077 	706,841 	44.20 	15,992 	26,693 	1.67
开放高清 	广西贺州打掉1处黑窝点查获16500斤地沟油-10月15日.mp4 	广西贺州打掉1处黑窝点查获16500斤地沟油 	15,876 	13,825 	2,874 	0.18 	15,876 	782 	0.05
开放高清 	爱情睡醒了(第13集).mp4 	爱情睡醒了(第13集) 	15,768 	12,338 	451,522 	28.64 	15,768 	18,826 	1.19
开放高清 	爱情睡醒了(第04集).mp4 	爱情睡醒了(第04集) 	15,746 	12,392 	439,751 	27.93 	15,746 	18,434 	1.17
开放高清 	猫和老鼠剧场版 飞向火星.mp4 	猫和老鼠剧场版_飞向火星 	15,658 	12,315 	428,121 	27.34 	15,463 	14,882 	0.96
  	  	合计 	8,030,514 	6,503,280 	244,362,390 	30.43 	8,027,975 	11,244,388 	1.40
