开放高清 	步步惊心(第09集).mp4 	步步惊心(第09集) 	523,929 	369,594 	17,283,902 	32.99 	523,928 	862,127 	1.65
开放高清 	步步惊心(第01集).mp4 	步步惊心(第01集) 	513,713 	323,477 	7,849,228 	15.28 	513,710 	443,110 	0.86
开放高清 	步步惊心(第08集).mp4 	步步惊心(第08集) 	387,381 	242,186 	8,368,906 	21.60 	387,381 	379,410 	0.98
开放高清 	步步惊心高清(第03集).mp4 	步步惊心(第03集) 	271,800 	181,525 	6,448,233 	23.72 	271,799 	293,016 	1.08
开放高清 	我想吃掉你.mp4 	我想吃掉你(你是我的蕾丝边) 	265,679 	98,527 	1,074,118 	4.04 	265,679 	149,192 	0.56
开放高清 	步步惊心(第06集).mp4 	步步惊心(第06集) 	263,104 	167,550 	6,736,189 	25.60 	263,104 	311,596 	1.18
开放高清 	步步惊心(第07集).mp4 	步步惊心(第07集) 	256,058 	190,420 	7,857,035 	30.68 	256,058 	354,367 	1.38
开放高清 	步步惊心(第02集).mp4 	步步惊心(第02集) 	241,066 	156,811 	6,291,746 	26.10 	241,066 	279,993 	1.16
开放高清 	步步惊心(第04集).mp4 	步步惊心(第04集) 	233,263 	158,234 	6,301,751 	27.02 	233,262 	270,912 	1.16
开放高清 	步步惊心(第05集).mp4 	步步惊心(第05集) 	227,004 	164,726 	6,858,800 	30.21 	227,004 	303,565 	1.34
开放高清 	爱情睡醒了(第01集).mp4 	爱情睡醒了(第01集) 	171,831 	118,340 	3,575,956 	20.81 	171,831 	224,034 	1.30
开放高清 	孤岛惊魂(高清)_V1.mp4 	孤岛惊魂(高清/杨幂) 	169,531 	137,252 	8,332,488 	49.15 	169,531 	371,349 	2.19
开放高清 	康熙来了-20110915-男明星最性感的那一刻.mp4 	康熙来了-20110915-男明星最性感的那一刻 	156,587 	133,379 	4,446,900 	28.40 	156,586 	194,570 	1.24
开放高清 	赤裸特工.mp4 	赤裸特工 	153,749 	88,105 	3,143,284 	20.44 	153,572 	135,073 	0.88
开放高清 	爱情睡醒了(第05集).mp4 	爱情睡醒了(第05集) 	149,725 	88,013 	3,774,623 	25.21 	149,725 	264,738 	1.77
开放高清 	爱情睡醒了(第06集).mp4 	爱情睡醒了(第06集) 	135,109 	82,566 	3,391,877 	25.10 	135,109 	241,902 	1.79
开放高清 	步步惊心蓝光(第09集).mp4 	步步惊心蓝光(第09集) 	132,133 	99,452 	4,486,170 	33.95 	132,132 	416,527 	3.15
开放高清 	总决赛之夜-回顾8年梦想之旅.mp4 	总决赛之夜-回顾8年梦想之旅 	130,736 	81,733 	258,852 	1.98 	130,736 	54,714 	0.42
开放高清 	步步惊心蓝光(第01集).mp4 	步步惊心蓝光(第01集) 	130,333 	98,274 	1,873,553 	14.38 	130,332 	259,851 	1.99
开放高清 	2011快乐女声全国总决赛决战之夜-全国12强助阵开场.mp4 	2011快乐女声全国总决赛决战之夜-全国12强助阵开场 	129,765 	89,062 	802,997 	6.19 	129,765 	198,526 	1.53
开放高清 	总决赛之夜-第一轮段林希《追梦的孩子》.mp4 	总决赛之夜-第一轮段林希《追梦的孩子》 	128,834 	87,547 	202,403 	1.57 	128,834 	40,097 	0.31
开放高清 	爱情睡醒了(第02集).mp4 	爱情睡醒了(第02集) 	119,728 	72,816 	2,765,338 	23.10 	119,727 	133,828 	1.12
开放高清 	步步惊心(第10集).mp4 	步步惊心(第10集) 	115,609 	83,356 	2,966,241 	25.66 	115,609 	856,898 	7.41
开放高清 	朋友也上床.mp4 	朋友也上床(炮友关系) 	112,315 	87,911 	3,158,715 	28.12 	112,315 	102,607 	0.91
开放高清 	爱情睡醒了(第03集).mp4 	爱情睡醒了(第03集) 	106,311 	66,586 	2,644,461 	24.87 	106,310 	150,332 	1.41
开放高清 	爱情睡醒了(第04集).mp4 	爱情睡醒了(第04集) 	99,208 	66,728 	2,381,565 	24.01 	99,208 	122,227 	1.23
开放高清 	火影忍者(第448集).mp4 	火影忍者(第448集) 	98,346 	61,742 	374,947 	3.81 	98,346 	26,280 	0.27
开放高清 	12名男子轮奸14岁少女潜逃两年集体自首-9月16日.mp4 	【社会】12名男子轮奸14岁少女_潜逃两年集体自首-9月16日 	88,708 	80,826 	198,515 	2.24 	88,708 	19,607 	0.22
开放高清 	步步惊心蓝光(第08集).mp4 	步步惊心蓝光(第08集) 	80,937 	60,989 	2,096,589 	25.90 	80,937 	168,499 	2.08
开放高清 	今年一定要嫁出去.mp4 	今年一定要嫁出去(剩女求爱记) 	77,993 	67,369 	2,554,200 	32.75 	77,993 	80,652 	1.03
开放高清 	肩上蝶(高清).mp4 	肩上蝶(高清/陈坤梁咏琪) 	75,130 	51,691 	1,371,972 	18.26 	75,130 	54,964 	0.73
开放高清 	武侠(高清).mp4 	武侠(高清/甄子丹) 	71,564 	48,771 	3,181,101 	44.45 	71,564 	109,589 	1.53
开放高清 	2011快乐女声全国总决赛第九场4进3(高清).mp4 	2011快乐女声全国总决赛第九场4进3(高清) 	66,194 	46,775 	1,096,940 	16.57 	66,193 	79,470 	1.20
开放高清 	新京城四少高清(第01集)_V1.mp4 	新京城四少高清(第01集) 	65,507 	41,876 	757,607 	11.57 	65,507 	49,579 	0.76
开放高清 	非诚勿扰-20110911-钻石王子.mp4 	非诚勿扰-20110911-钻石王子 	60,923 	48,882 	2,277,543 	37.38 	60,909 	128,121 	2.10
开放高清 	步步惊心蓝光(第07集).mp4 	步步惊心蓝光(第07集) 	60,112 	47,418 	1,925,027 	32.02 	60,112 	150,945 	2.51
开放高清 	步步惊心蓝光(第04集).mp4 	步步惊心蓝光(第04集) 	59,375 	38,600 	1,487,516 	25.05 	59,375 	121,922 	2.05
开放高清 	步步惊心蓝光(第03集).mp4 	步步惊心蓝光(第03集) 	55,664 	38,169 	1,495,384 	26.86 	55,663 	137,972 	2.48
开放高清 	新僵尸先生.mp4 	新僵尸先生(茅山道士) 	54,506 	33,664 	1,197,344 	21.97 	54,377 	29,092 	0.54
开放高清 	步步惊心蓝光(第06集).mp4 	步步惊心蓝光(第06集) 	50,773 	40,865 	1,622,207 	31.95 	50,773 	126,923 	2.50
开放高清 	步步惊心蓝光(第05集).mp4 	步步惊心蓝光(第05集) 	49,548 	40,024 	1,582,057 	31.93 	49,548 	127,833 	2.58
开放高清 	我是传奇(蓝光).mp4 	我是传奇(蓝光/威尔史密斯) 	47,957 	34,193 	1,734,074 	36.16 	47,957 	177,857 	3.71
开放高清 	掩护(第01集).mp4 	掩护(第01集) 	47,306 	30,345 	921,878 	19.49 	47,306 	39,241 	0.83
开放高清 	新京城四少高清(第28集).mp4 	新京城四少高清(第28集) 	47,195 	27,535 	1,113,277 	23.59 	47,195 	62,150 	1.32
开放高清 	步步惊心蓝光(第02集).mp4 	步步惊心蓝光(第02集) 	47,035 	38,942 	1,495,794 	31.80 	47,035 	139,344 	2.96
开放高清 	美女匪帮.mp4 	美女匪帮 	45,114 	27,515 	408,181 	9.05 	45,008 	18,323 	0.41
开放高清 	步步惊心(36分超长片花)_V1.mp4 	步步惊心(36分超长片花) 	44,896 	31,635 	663,878 	14.79 	44,896 	32,398 	0.72
开放高清 	新京城四少高清(第27集).mp4 	新京城四少高清(第27集) 	44,116 	24,655 	1,070,162 	24.26 	44,116 	55,060 	1.25
开放高清 	不速之约国语版(第01集).mp4 	不速之约国语版(第01集) 	44,048 	29,115 	943,643 	21.42 	44,048 	24,653 	0.56
开放高清 	康熙来了-20110914-跟五月天一起激情追梦吧.mp4 	康熙来了-20110914-跟五月天一起热血追梦吧 	43,691 	37,408 	1,623,880 	37.17 	43,691 	39,951 	0.91
开放高清 	新还珠格格高清(第98集).mp4 	新还珠格格高清(第98集) 	42,500 	33,556 	903,904 	21.27 	42,500 	56,262 	1.32
开放高清 	新版水浒传(第01集)_V1.mp4 	新版水浒传(第01集) 	42,024 	26,259 	442,966 	10.54 	42,024 	22,782 	0.54
开放高清 	快乐大本营-20110910-娜就杰婚吧_V1.mp4 	快乐大本营-20110910-娜就杰婚吧 	41,892 	34,516 	1,931,307 	46.10 	41,882 	101,424 	2.42
开放高清 	财神客栈(高清).mp4 	财神客栈(高清/谢霆锋阿SA) 	41,524 	24,173 	1,268,878 	30.56 	41,524 	54,522 	1.31
开放高清 	步步惊心之精彩看点-第10集：若曦骑马险遇险，八阿哥英雄救美.mp4 	步步惊心之精彩看点-第10集：若曦骑马险遇险，八阿哥英雄救美 	40,424 	27,690 	45,462 	1.12 	40,424 	3,430 	0.08
开放高清 	不速之约(第01集).mp4 	不速之约(第01集) 	39,510 	32,768 	965,739 	24.44 	39,510 	40,826 	1.03
开放高清 	狙击精英：重装上阵.mp4 	狙击精英：重装上阵 	38,928 	22,120 	1,017,280 	26.13 	38,918 	25,497 	0.66
开放高清 	水性杨花.mp4 	水性杨花(放荡) 	37,963 	24,022 	218,105 	5.75 	37,963 	12,822 	0.34
开放高清 	佳节.mp4 	佳节(情色私生活) 	36,216 	21,888 	640,274 	17.68 	36,096 	25,047 	0.69
开放高清 	不速之约(第04集)_V1.mp4 	不速之约(第04集) 	36,147 	28,365 	1,391,794 	38.50 	36,147 	104,967 	2.90
开放高清 	新还珠格格高清(第01集).mp4 	新还珠格格高清(第01集) 	35,276 	22,761 	266,775 	7.56 	35,276 	26,215 	0.74
开放高清 	赌神.mp4 	赌神(赌王集合) 	34,175 	20,106 	1,058,893 	30.98 	33,621 	48,770 	1.45
开放高清 	不速之约(第03集).mp4 	不速之约(第03集) 	32,840 	25,271 	1,149,332 	35.00 	32,839 	40,977 	1.25
开放高清 	武侠.mp4 	武侠(金城武汤唯) 	32,595 	24,505 	1,442,419 	44.25 	32,595 	14,529 	0.45
开放高清 	婚外初夜.mp4 	婚外初夜 	31,254 	20,067 	345,236 	11.05 	31,254 	10,255 	0.33
开放高清 	守护boss(第14集).mp4 	守护boss(第14集) 	31,029 	24,781 	1,397,000 	45.02 	31,029 	43,991 	1.42
开放高清 	掩护(第08集).mp4 	掩护(第08集) 	30,862 	19,129 	848,531 	27.49 	30,862 	34,415 	1.12
开放高清 	守护boss(第01集)_V1.mp4 	守护boss(第01集) 	30,475 	19,304 	458,927 	15.06 	30,475 	22,900 	0.75
开放高清 	不速之约国语版(第04集).mp4 	不速之约国语版(第04集) 	29,589 	24,257 	1,094,040 	36.97 	29,589 	28,767 	0.97
开放高清 	新还珠格格高清(第97集).mp4 	新还珠格格高清(第97集) 	29,213 	17,975 	534,325 	18.29 	29,213 	29,439 	1.01
开放高清 	守护boss(第13集)_V1.mp4 	守护boss(第13集) 	29,036 	22,454 	1,306,367 	44.99 	29,036 	31,553 	1.09
开放高清 	雪花秘扇(高清)_V1.mp4 	雪花秘扇(高清/雪花与秘扇) 	28,944 	20,709 	630,646 	21.79 	28,944 	25,373 	0.88
开放高清 	步步惊心蓝光(第10集).mp4 	步步惊心蓝光(第10集) 	28,607 	21,654 	605,228 	21.16 	28,607 	273,422 	9.56
开放高清 	新还珠格格高清(第96集).mp4 	新还珠格格高清(第96集) 	28,587 	16,278 	495,485 	17.33 	28,586 	29,564 	1.03
开放高清 	一路惊心(高清).mp4 	一路惊心(高清/笨贼一箩筐) 	28,535 	24,134 	1,630,842 	57.15 	28,535 	47,799 	1.68
开放高清 	掩护(第07集).mp4 	掩护(第07集) 	28,059 	20,143 	950,566 	33.88 	28,059 	40,999 	1.46
开放高清 	步步惊心之花絮-步步惊心ID.mp4 	步步惊心之花絮-步步惊心ID 	27,974 	22,664 	21,142 	0.76 	27,974 	2,410 	0.09
开放高清 	宫锁心玉(第01集).mp4 	宫锁心玉(第01集) 	27,874 	15,850 	417,108 	14.96 	27,710 	35,830 	1.29
开放高清 	猿族崛起.mp4 	猿族崛起(猿人争霸战) 	27,832 	16,583 	867,326 	31.16 	27,832 	6,958 	0.25
开放高清 	一夜未了情(高清).mp4 	一夜未了情(高清/李小冉方中信) 	26,618 	16,742 	464,582 	17.45 	26,618 	28,336 	1.06
开放高清 	男女之战.mp4 	男女之战(性别战争) 	26,398 	17,562 	235,563 	8.92 	26,398 	6,181 	0.23
开放高清 	康熙来了-20110913-演艺圈女丑的最后一搏.mp4 	康熙来了-20110913-演艺圈女丑的最后一搏 	26,364 	22,735 	989,493 	37.53 	26,364 	36,237 	1.37
开放高清 	全国总决赛4进3-第一轮抢擂车轮PK战规则_V1.mp4 	全国总决赛4进3-第一轮抢擂车轮PK战规则 	25,643 	21,493 	12,716 	0.50 	25,643 	1,630 	0.06
开放高清 	不速之约国语版(第02集).mp4 	不速之约国语版(第02集) 	25,530 	19,417 	805,746 	31.56 	25,530 	15,223 	0.60
开放高清 	实拍富二代开学咆哮大骂学校条件差-9月16日.mp4 	实拍富二代开学咆哮_大骂学校条件差-9月16日 	24,986 	21,913 	29,296 	1.17 	24,986 	2,877 	0.12
开放高清 	不速之约国语版(第03集).mp4 	不速之约国语版(第03集) 	24,972 	20,701 	885,708 	35.47 	24,972 	16,634 	0.67
开放高清 	我是传奇.mp4 	(2007)我是传奇 	24,903 	15,341 	525,921 	21.12 	24,879 	30,994 	1.25
开放高清 	不速之约(第02集).mp4 	不速之约(第02集) 	24,705 	20,527 	909,323 	36.81 	24,705 	30,349 	1.23
开放高清 	海贼王(第514集).mp4 	海贼王(第514集) 	24,031 	18,564 	305,036 	12.69 	24,030 	14,965 	0.62
开放高清 	精英部队2.mp4 	精英部队2(精锐部队2) 	23,966 	16,185 	473,594 	19.76 	23,616 	14,540 	0.62
开放高清 	死神(第339集).mp4 	死神(第339集) 	23,792 	20,370 	415,242 	17.45 	23,792 	18,432 	0.77
开放高清 	少林僵尸.mp4 	少林僵尸(魔幻界) 	23,781 	13,611 	616,539 	25.93 	23,729 	16,458 	0.69
开放高清 	新还珠格格高清(第02集).mp4 	新还珠格格高清(第02集) 	23,715 	15,965 	183,714 	7.75 	23,715 	13,353 	0.56
开放高清 	性与早餐.mp4 	性与早餐(婚姻和性) 	23,569 	14,998 	231,154 	9.81 	23,506 	11,657 	0.50
开放高清 	新版水浒传(第86集).mp4 	新版水浒传(第86集) 	23,348 	17,213 	628,913 	26.94 	23,348 	25,754 	1.10
开放高清 	美女私访菜-20110816-乳此动人细数各类御姐级游戏cosplayer.mp4 	[美女]_乳此动人_细数各类御姐级游戏cosplayer 	23,096 	16,651 	35,913 	1.55 	23,096 	1,626 	0.07
开放高清 	江湖最后一个大佬.mp4 	江湖最后一个大佬(周星驰) 	22,695 	13,910 	573,439 	25.27 	22,575 	13,561 	0.60
开放高清 	潜行狙击国语版(第01集).mp4 	潜行狙击国语版(第01集) 	22,416 	13,138 	373,664 	16.67 	22,416 	4,322 	0.19
开放高清 	潘金莲.mp4 	潘金莲(红杏出墙) 	22,381 	17,681 	234,559 	10.48 	22,381 	12,781 	0.57
开放高清 	武侠(蓝光).mp4 	武侠(蓝光/甄唯武) 	22,329 	15,606 	879,604 	39.39 	22,328 	56,598 	2.53
开放高清 	喜羊羊与灰太狼之牛气冲天.mp4 	喜羊羊与灰太狼之牛气冲天 	22,252 	12,764 	443,504 	19.93 	22,053 	17,584 	0.80
开放高清 	新生军训现场男生跪地喊女生名字求爱-9月16日.mp4 	【现场】“新生军训现场男生跪地喊女生名字求爱-9月16日 	22,184 	19,582 	26,819 	1.21 	22,184 	4,190 	0.19
开放高清 	掩护(第06集).mp4 	掩护(第06集) 	21,867 	16,879 	690,153 	31.56 	21,867 	21,538 	0.98
开放高清 	非常了得-20110914-柳岩与前男友舞台惊喜重逢.mp4 	非常了得-20110914-柳岩与前男友舞台惊喜重逢 	21,797 	18,031 	989,698 	45.41 	21,796 	29,894 	1.37
开放高清 	网曝湖北宜都25岁美女被提名为镇长-9月16日.mp4 	网曝湖北宜都25岁美女被提名为镇长-9月16日 	21,560 	19,062 	34,470 	1.60 	21,560 	4,335 	0.20
开放高清 	叛狱风云(高清).mp4 	死亡实验(高清/叛狱风云) 	21,121 	18,664 	672,478 	31.84 	21,121 	37,763 	1.79
开放高清 	天赐我爱(第43集).mp4 	天赐我爱(第43集) 	20,774 	10,219 	447,043 	21.52 	20,774 	6,202 	0.30
开放高清 	少年赌圣.mp4 	少年赌圣 	20,752 	13,421 	648,199 	31.24 	20,602 	13,583 	0.66
开放高清 	新版水浒传(第85集).mp4 	新版水浒传(第85集) 	20,563 	15,217 	542,853 	26.40 	20,563 	18,506 	0.90
开放高清 	A片特攻队.mp4 	A片特攻队(诱惑你) 	20,448 	16,810 	188,549 	9.22 	20,417 	8,620 	0.42
开放高清 	非诚勿扰-20110910-第二个人法国男人.mp4 	非诚勿扰-20110910-第二个法国男人 	20,410 	16,548 	906,902 	44.43 	20,410 	42,185 	2.07
开放高清 	掩护(第03集).mp4 	掩护(第03集) 	20,342 	15,989 	718,904 	35.34 	20,342 	20,718 	1.02
开放高清 	新版水浒传(第84集).mp4 	新版水浒传(第84集) 	20,269 	14,331 	537,185 	26.50 	20,269 	18,149 	0.90
开放高清 	新还珠格格高清(第95集).mp4 	新还珠格格高清(第95集) 	20,249 	13,297 	394,663 	19.49 	20,249 	20,443 	1.01
开放高清 	掩护(第02集).mp4 	掩护(第02集) 	20,051 	16,087 	720,442 	35.93 	20,049 	20,461 	1.02
开放高清 	夺命心跳(蓝光).mp4 	夺命心跳(蓝光/林熙蕾梁家辉) 	20,022 	16,658 	722,164 	36.07 	20,022 	104,584 	5.22
开放高清 	蛇蝎夜合花(高清).mp4 	蛇蝎夜合花(高清/艳星宫雪花) 	19,907 	11,261 	323,730 	16.26 	19,907 	31,049 	1.56
开放高清 	掩护(第05集).mp4 	掩护(第05集) 	19,884 	15,733 	728,181 	36.62 	19,884 	21,697 	1.09
开放高清 	掩护(第04集).mp4 	掩护(第04集) 	19,842 	15,479 	733,087 	36.95 	19,842 	19,716 	0.99
开放高清 	神枪手(高清).mp4 	神枪手(敌友难分/高清) 	19,632 	11,810 	563,530 	28.70 	19,486 	30,233 	1.55
开放高清 	女人的香气(第01集).mp4 	女人的香气(第01集) 	19,376 	12,476 	288,001 	14.86 	19,376 	4,033 	0.21
开放高清 	奥迪司机拒付停车费驾车撞人女收费员被碾压致死-9月16日.mp4 	奥迪司机拒付停车费_驾车撞人女收费员被碾压致死 	19,273 	16,214 	19,914 	1.03 	19,273 	3,914 	0.20
开放高清 	娱乐播报-20110914-大小S比私处闪晕老公.mp4 	娱乐播报-20110914-大小S比私处闪晕老公 	19,193 	14,860 	33,278 	1.73 	19,193 	1,496 	0.08
开放高清 	笑太极.mp4 	笑太极(甄子丹) 	19,021 	11,767 	400,354 	21.05 	18,823 	11,098 	0.59
开放高清 	娜妲莉的情人(高清)_V1.mp4 	娜妲莉的情人(高清/娜塔莉) 	18,847 	13,036 	263,788 	14.00 	18,847 	24,126 	1.28
开放高清 	新版水浒传(第83集).mp4 	新版水浒传(第83集) 	18,765 	13,579 	520,278 	27.73 	18,765 	18,276 	0.97
开放高清 	潜行狙击国语版(第30集).mp4 	潜行狙击国语版(第30集) 	18,762 	15,449 	605,870 	32.29 	18,762 	18,463 	0.98
开放高清 	新版水浒传(第81集).mp4 	新版水浒传(第81集) 	18,497 	12,350 	476,170 	25.74 	18,497 	15,576 	0.84
开放高清 	新京城四少高清(第26集).mp4 	新京城四少高清(第26集) 	18,432 	12,506 	445,296 	24.16 	18,432 	23,672 	1.28
开放高清 	裸婚时代(第01集)_V2.mp4 	裸婚时代(第01集) 	18,431 	11,054 	290,722 	15.77 	18,431 	22,706 	1.23
开放高清 	九江十二坊(第13集).mp4 	九江十二坊(第13集) 	18,406 	14,088 	724,445 	39.36 	18,406 	60,484 	3.29
开放高清 	[9月16日播报]总决赛冠军之夜开场曲带妆彩排.mp4 	[9月16日]总决赛冠军之夜开场曲带妆彩排 	18,362 	15,719 	61,404 	3.34 	18,362 	7,687 	0.42
开放高清 	火影忍者(第447集).mp4 	火影忍者(第447集) 	18,285 	11,654 	121,358 	6.64 	18,285 	5,552 	0.30
开放高清 	新版水浒传(第80集).mp4 	新版水浒传(第80集) 	18,224 	12,092 	440,249 	24.16 	18,224 	15,565 	0.85
开放高清 	康熙来了-20110912-女明星傻事一箩筐.mp4 	康熙来了-20110912-女明星傻事一箩筐 	18,214 	13,701 	504,486 	27.70 	18,214 	16,861 	0.93
开放高清 	喜羊羊与灰太狼(第0001集).mp4 	喜羊羊与灰太狼(第0001集) 	18,165 	10,954 	99,821 	5.50 	17,894 	7,332 	0.41
开放高清 	潜行狙击国语版(第24集).mp4 	潜行狙击国语版(第24集) 	18,147 	10,720 	444,040 	24.47 	18,147 	11,326 	0.62
开放高清 	单身男女(高清).mp4 	单身男女(高清/吴彦祖古天乐) 	17,924 	11,648 	481,281 	26.85 	17,915 	27,476 	1.53
开放高清 	潜行狙击国语版(第22集).mp4 	潜行狙击国语版(第22集) 	17,826 	10,285 	419,239 	23.52 	17,826 	12,203 	0.68
开放高清 	关云长(高清)_V3.mp4 	关云长(高清/姜文甄子丹) 	17,722 	10,165 	447,016 	25.22 	17,722 	19,598 	1.11
开放高清 	潜行狙击国语版(第25集).mp4 	潜行狙击国语版(第25集) 	17,525 	11,400 	474,421 	27.07 	17,525 	11,381 	0.65
开放高清 	一夜情.mp4 	一夜情(高清) 	17,507 	11,396 	253,249 	14.47 	17,507 	8,302 	0.47
开放高清 	新京城四少高清(第02集)_V1.mp4 	新京城四少高清(第02集) 	17,492 	12,145 	448,227 	25.62 	17,492 	16,949 	0.97
开放高清 	723动车事故调查者事故问题被确认天气问题为主因-9月16日.mp4 	723动车事故调查者：“事故问题被确认_天气问题为主因”-9月16日 	17,490 	15,231 	4,723 	0.27 	17,490 	1,043 	0.06
开放高清 	女人的香气(第16集).mp4 	女人的香气(第16集) 	17,489 	14,160 	693,133 	39.63 	17,489 	18,466 	1.06
开放高清 	新版水浒传(第76集).mp4 	新版水浒传(第76集) 	17,479 	10,584 	417,015 	23.86 	17,479 	13,232 	0.76
开放高清 	城市猎人(第01集)_V2.mp4 	城市猎人(第01集) 	17,477 	9,570 	265,706 	15.20 	17,477 	14,468 	0.83
开放高清 	潜行狙击国语版(第27集).mp4 	潜行狙击国语版(第27集) 	17,415 	12,335 	517,418 	29.71 	17,415 	12,677 	0.73
开放高清 	潮性办公室(蓝光).mp4 	潮性办公室(蓝光/热辣办公室) 	17,384 	14,438 	520,793 	29.96 	17,384 	75,162 	4.32
开放高清 	新版水浒传(第77集).mp4 	新版水浒传(第77集) 	17,201 	10,960 	429,723 	24.98 	17,201 	12,819 	0.75
开放高清 	潜行狙击国语版(第23集).mp4 	潜行狙击国语版(第23集) 	17,080 	10,536 	433,076 	25.36 	17,080 	12,986 	0.76
开放高清 	新版水浒传(第82集).mp4 	新版水浒传(第82集) 	16,998 	12,991 	503,830 	29.64 	16,998 	21,436 	1.26
开放高清 	最爱(高清)_V3.mp4 	最爱(高清/章子怡郭富城) 	16,858 	10,583 	394,023 	23.37 	16,858 	16,790 	1.00
开放高清 	建党伟业(高清).mp4 	建党伟业(高清/百位全明星) 	16,712 	10,032 	659,511 	39.46 	16,712 	21,906 	1.31
开放高清 	步步惊心之精彩看点-第10集：若曦冒险为八阿哥求情.mp4 	步步惊心之精彩看点-第10集：若曦冒险为八阿哥求情 	16,581 	13,756 	16,744 	1.01 	16,580 	1,624 	0.10
开放高清 	水浒笑传.mp4 	水浒笑传(雌雄大骗) 	16,531 	10,999 	166,423 	10.07 	16,412 	5,540 	0.34
开放高清 	潜行狙击国语版(第29集).mp4 	潜行狙击国语版(第29集) 	16,481 	13,368 	562,279 	34.12 	16,481 	15,212 	0.92
开放高清 	天天向上-20110909-天天兄弟南非之旅.mp4 	天天向上-20110909-天天兄弟南非之旅 	16,417 	13,721 	693,997 	42.27 	16,417 	30,429 	1.85
开放高清 	赌神2_V1.mp4 	(1994)赌神2 	16,408 	9,036 	579,622 	35.33 	16,408 	5,875 	0.36
开放高清 	热浪球爱战(高清).mp4 	热浪球爱战(高清/波动全城) 	16,403 	14,210 	535,587 	32.65 	16,403 	21,011 	1.28
开放高清 	潮性办公室(高清).mp4 	潮性办公室(高清/爆笑舞台) 	16,402 	10,881 	429,842 	26.21 	16,402 	11,527 	0.70
开放高清 	潜行狙击国语版(第26集).mp4 	潜行狙击国语版(第26集) 	16,376 	12,041 	500,512 	30.56 	16,376 	11,420 	0.70
开放高清 	潜行狙击(第01集).mp4 	潜行狙击(第01集) 	16,316 	9,901 	228,350 	14.00 	16,316 	8,412 	0.52
开放高清 	黑势力.mp4 	黑势力(再见古惑仔) 	16,314 	9,806 	314,193 	19.26 	16,041 	8,489 	0.53
开放高清 	性在够辣.mp4 	性在够辣(复仇强奸恶魔) 	16,285 	10,339 	299,322 	18.38 	16,285 	9,329 	0.57
开放高清 	[9月15日播报]苏醒刘忻对唱[沙滩].mp4 	[9月15日]苏醒刘忻对唱《沙滩》 	16,280 	14,918 	12,842 	0.79 	16,280 	2,540 	0.16
开放高清 	今年一定要嫁出去(高清).mp4 	今年一定要嫁出去(高清/剩女求爱记) 	16,233 	13,940 	553,944 	34.12 	16,233 	25,758 	1.59
开放高清 	新版水浒传(第74集).mp4 	新版水浒传(第74集) 	16,208 	9,780 	383,822 	23.68 	16,208 	13,122 	0.81
开放高清 	新版水浒传(第02集)_V1.mp4 	新版水浒传(第02集) 	16,118 	10,422 	349,145 	21.66 	16,118 	7,667 	0.48
开放高清 	潜行狙击国语版(第21集).mp4 	潜行狙击国语版(第21集) 	16,094 	10,060 	414,508 	25.76 	16,094 	3,685 	0.23
开放高清 	新京城四少高清(第25集).mp4 	新京城四少高清(第25集) 	16,047 	11,216 	413,121 	25.74 	16,047 	18,888 	1.18
开放高清 	安徽老太搭车意外死亡子女四拒车主赔偿-9月16日.mp4 	安徽老太搭车意外死亡_子女四拒车主赔偿 	15,981 	13,947 	20,180 	1.26 	15,981 	1,300 	0.08
开放高清 	终极快递(高清)_V1.mp4 	终极快递(高清/速递) 	15,971 	10,004 	418,820 	26.22 	15,971 	16,266 	1.02
开放高清 	喜羊羊与灰太狼之虎虎生威.mp4 	喜羊羊与灰太狼之虎虎生威 	15,948 	9,078 	363,611 	22.80 	15,377 	12,154 	0.79
开放高清 	李双江之子因寻衅滋事罪收容教养1年-9月16日.mp4 	李双江之子因寻衅滋事罪收容教养1年-9月16日 	15,909 	14,392 	31,707 	1.99 	15,909 	3,822 	0.24
开放高清 	朋友也上床(限制级预告片1).mp4 	朋友也上床(限制级预告片1) 	15,893 	14,022 	25,616 	1.61 	15,893 	2,710 	0.17
开放高清 	牧人的性玩偶(高清).mp4 	牧人的性玩偶(高清) 	15,871 	10,632 	296,450 	18.68 	15,871 	14,794 	0.93
开放高清 	新版水浒传(第72集).mp4 	新版水浒传(第72集) 	15,858 	9,713 	369,830 	23.32 	15,858 	11,533 	0.73
开放高清 	潜行狙击国语版(第28集).mp4 	潜行狙击国语版(第28集) 	15,822 	12,702 	550,316 	34.78 	15,822 	13,252 	0.84
开放高清 	新版水浒传(第78集).mp4 	新版水浒传(第78集) 	15,764 	11,384 	440,121 	27.92 	15,764 	15,418 	0.98
开放高清 	幻想剧场.mp4 	幻想剧场(空想性恐怖故事) 	15,722 	13,258 	94,600 	6.02 	15,722 	6,367 	0.40
开放高清 	新还珠格格高清(第94集).mp4 	新还珠格格高清(第94集) 	15,605 	11,563 	374,838 	24.02 	15,605 	15,149 	0.97
开放高清 	美女与野兽新世纪激情篇.mp4 	美女与野兽-新世纪激情篇(野兽男孩) 	15,538 	9,533 	204,354 	13.15 	15,538 	3,091 	0.20
开放高清 	步步惊心9月1日湖南卫视媒体发布会全程.mp4 	步步惊心湖南卫视媒体发布会 	15,509 	10,994 	129,092 	8.32 	15,509 	5,328 	0.34
开放高清 	新版水浒传(第79集).mp4 	新版水浒传(第79集) 	15,469 	11,221 	420,656 	27.19 	15,469 	12,961 	0.84
开放高清 	劫匪(蓝光).mp4 	劫匪(蓝光/偷天抢地) 	15,347 	12,416 	854,384 	55.67 	15,347 	65,596 	4.27
开放高清 	房不剩防(高清).mp4 	房不剩防(高清/销魂“房事”) 	15,308 	9,198 	292,239 	19.09 	15,308 	12,768 	0.83
开放高清 	无人驾驶.mp4 	无人驾驶(网络独播) 	15,228 	10,691 	327,155 	21.48 	14,865 	10,561 	0.71
开放高清 	步步惊心(人物介绍).mp4 	步步惊心--人物介绍 	15,213 	11,951 	50,543 	3.32 	15,213 	1,617 	0.11
开放高清 	天赐我爱(第42集).mp4 	天赐我爱(第42集) 	15,157 	8,106 	339,774 	22.42 	15,157 	3,664 	0.24
开放高清 	潜行狙击国语版(第20集).mp4 	潜行狙击国语版(第20集) 	15,149 	9,660 	414,086 	27.33 	15,149 	2,932 	0.19
开放高清 	金枝玉叶高清(第46集).mp4 	金枝玉叶高清(第46集) 	15,077 	8,371 	342,786 	22.74 	15,077 	10,734 	0.71
开放高清 	轩辕剑之天之痕之花絮-刘诗诗专访.mp4 	轩辕剑之天之痕之花絮-刘诗诗专访 	15,051 	11,548 	23,595 	1.57 	15,051 	2,693 	0.18
开放高清 	爱情连连看-20110913-史上最牛老师现身.mp4 	爱情连连看-20110913-史上最牛老师现身 	14,981 	12,033 	375,802 	25.09 	14,979 	12,886 	0.86
开放高清 	我们约会吧-20110913-男嘉宾强势灭灯遭遇女嘉宾数落.mp4 	我们约会吧-20110913-男嘉宾强势灭灯遭遇女嘉宾数落 	14,966 	12,195 	578,830 	38.68 	14,963 	18,114 	1.21
开放高清 	非诚勿扰-20110903-史上最high短片.mp4 	非诚勿扰-20110903-史上最high短片 	14,930 	9,944 	387,934 	25.98 	14,930 	20,930 	1.40
开放高清 	潜行狙击国语版(第19集).mp4 	潜行狙击国语版(第19集) 	14,790 	9,458 	396,990 	26.84 	14,790 	3,136 	0.21
开放高清 	潜行狙击国语版(第17集).mp4 	潜行狙击国语版(第17集) 	14,711 	9,589 	420,831 	28.61 	14,711 	3,545 	0.24
开放高清 	九江十二坊(第12集)_V1.mp4 	九江十二坊(第12集) 	14,698 	11,137 	510,261 	34.72 	14,698 	26,481 	1.80
开放高清 	新还珠格格高清(第93集).mp4 	新还珠格格高清(第93集) 	14,675 	10,888 	328,149 	22.36 	14,675 	14,308 	0.97
  	  	合计 	9,979,801 	6,854,021 	230,596,878 	23.11 	9,975,552 	12,650,388 	1.27
