开放高清 	步步惊心(第01集).mp4 	步步惊心(第01集) 	655,382 	318,444 	7,549,161 	11.52 	655,381 	446,662 	0.68
开放高清 	步步惊心(第12集).mp4 	步步惊心(第12集) 	646,903 	449,621 	20,323,832 	31.42 	646,903 	1,053,160 	1.63
开放高清 	步步惊心(第11集).mp4 	步步惊心(第11集) 	418,253 	266,120 	9,523,888 	22.77 	418,253 	447,194 	1.07
开放高清 	我想吃掉你.mp4 	我想吃掉你(你是我的蕾丝边) 	361,915 	105,216 	1,114,668 	3.08 	361,914 	156,386 	0.43
开放高清 	快乐大本营-20110917-若曦四爷卖萌耍帅.mp4 	快乐大本营-20110917-若曦四爷卖萌耍帅 	357,821 	272,283 	22,755,621 	63.59 	357,816 	1,837,059 	5.13
开放高清 	爱情睡醒了(第09集).mp4 	爱情睡醒了(第09集) 	348,499 	125,847 	5,263,013 	15.10 	348,499 	396,043 	1.14
开放高清 	步步惊心高清(第03集).mp4 	步步惊心(第03集) 	302,748 	172,952 	5,823,671 	19.24 	302,748 	262,405 	0.87
开放高清 	爱情睡醒了(第10集).mp4 	爱情睡醒了(第10集) 	282,023 	125,489 	4,965,563 	17.61 	282,021 	368,392 	1.31
开放高清 	步步惊心(第10集).mp4 	步步惊心(第10集) 	264,892 	195,208 	8,486,937 	32.04 	264,890 	366,471 	1.38
开放高清 	步步惊心(第02集).mp4 	步步惊心(第02集) 	264,672 	148,790 	5,913,148 	22.34 	264,672 	264,155 	1.00
开放高清 	步步惊心(第08集).mp4 	步步惊心(第08集) 	263,913 	153,221 	6,375,512 	24.16 	263,913 	273,450 	1.04
开放高清 	步步惊心(第06集).mp4 	步步惊心(第06集) 	258,034 	143,224 	5,858,413 	22.70 	258,034 	260,457 	1.01
开放高清 	步步惊心(第04集).mp4 	步步惊心(第04集) 	233,807 	141,390 	5,677,439 	24.28 	233,807 	239,852 	1.03
开放高清 	步步惊心(第09集).mp4 	步步惊心(第09集) 	226,100 	168,270 	7,071,278 	31.28 	226,099 	299,364 	1.32
开放高清 	步步惊心(第05集).mp4 	步步惊心(第05集) 	221,815 	142,437 	5,949,914 	26.82 	221,815 	253,177 	1.14
开放高清 	孤岛惊魂(高清)_V1.mp4 	孤岛惊魂(高清/杨幂) 	202,299 	160,317 	9,567,933 	47.30 	202,299 	437,751 	2.16
开放高清 	步步惊心(第07集).mp4 	步步惊心(第07集) 	201,291 	148,580 	6,283,577 	31.22 	201,290 	265,141 	1.32
开放高清 	赤裸特工.mp4 	赤裸特工(床上杀手) 	200,294 	83,857 	3,200,662 	15.98 	200,055 	133,807 	0.67
开放高清 	爱情睡醒了(第01集).mp4 	爱情睡醒了(第01集) 	197,291 	121,090 	3,231,529 	16.38 	197,290 	215,865 	1.09
开放高清 	爱情睡醒了(第02集).mp4 	爱情睡醒了(第02集) 	183,171 	72,502 	2,651,456 	14.48 	183,169 	127,930 	0.70
开放高清 	爱情睡醒了(第08集).mp4 	爱情睡醒了(第08集) 	182,569 	85,122 	2,695,673 	14.77 	182,568 	148,492 	0.81
开放高清 	非诚勿扰-20110917-IT男遭遇女嘉宾表白.mp4 	非诚勿扰-20110917-IT男遭遇女嘉宾表白 	164,823 	123,902 	7,917,342 	48.04 	164,818 	579,400 	3.52
开放高清 	新僵尸先生.mp4 	新僵尸先生(茅山道士) 	157,758 	70,063 	2,236,883 	14.18 	157,615 	60,471 	0.38
开放高清 	步步惊心蓝光(第12集).mp4 	步步惊心蓝光(第12集) 	156,427 	115,842 	5,122,885 	32.75 	156,425 	508,795 	3.25
开放高清 	2011快乐女声全国总决赛决战之夜(高清).mp4 	2011快乐女声全国总决赛决战之夜(高清) 	154,655 	92,362 	6,275,140 	40.58 	154,654 	380,752 	2.46
开放高清 	步步惊心蓝光(第01集).mp4 	步步惊心蓝光(第01集) 	138,174 	89,132 	1,789,243 	12.95 	138,174 	228,663 	1.65
开放高清 	爱情睡醒了(第03集).mp4 	爱情睡醒了(第03集) 	135,129 	65,457 	2,478,205 	18.34 	135,127 	140,099 	1.04
开放高清 	朋友也上床.mp4 	朋友也上床(炮友关系) 	121,250 	82,223 	3,327,466 	27.44 	121,249 	99,950 	0.82
开放高清 	爱情睡醒了(第07集).mp4 	爱情睡醒了(第07集) 	116,497 	72,106 	2,610,765 	22.41 	116,497 	161,822 	1.39
开放高清 	海贼王(第515集).mp4 	海贼王(更新515) 	113,490 	88,581 	2,287,121 	20.15 	113,490 	167,647 	1.48
开放高清 	武侠(高清).mp4 	武侠(高清/甄子丹) 	108,767 	51,272 	3,458,639 	31.80 	108,767 	116,511 	1.07
开放高清 	爱情睡醒了(第04集).mp4 	爱情睡醒了(第04集) 	108,438 	62,998 	2,366,392 	21.82 	108,438 	113,812 	1.05
开放高清 	步步惊心蓝光(第11集).mp4 	步步惊心蓝光(第11集) 	106,274 	65,216 	2,336,998 	21.99 	106,274 	180,394 	1.70
开放高清 	新京城四少高清(第01集)_V1.mp4 	新京城四少高清(第01集) 	104,200 	51,865 	933,235 	8.96 	104,200 	66,452 	0.64
开放高清 	爱情睡醒了(第05集).mp4 	爱情睡醒了(第05集) 	102,769 	63,109 	2,384,648 	23.20 	102,769 	124,533 	1.21
开放高清 	爱情睡醒了(第06集).mp4 	爱情睡醒了(第06集) 	100,829 	64,222 	2,377,599 	23.58 	100,829 	125,269 	1.24
开放高清 	火影忍者(第448集).mp4 	火影忍者(第448集) 	94,702 	48,162 	335,316 	3.54 	94,702 	19,647 	0.21
开放高清 	康熙来了-20110916-我拍胸脯保证他可以当明星_V1.mp4 	康熙来了-20110916-我拍胸脯保证他可以当明星 	80,684 	66,666 	2,744,006 	34.01 	80,684 	83,579 	1.04
开放高清 	新京城四少高清(第31集).mp4 	新京城四少高清(第31集) 	79,995 	29,697 	1,339,494 	16.74 	79,995 	95,360 	1.19
开放高清 	掩护(第01集).mp4 	掩护(第01集) 	78,350 	37,040 	1,037,427 	13.24 	78,350 	51,730 	0.66
开放高清 	新京城四少高清(第32集).mp4 	新京城四少高清(第32集) 	72,015 	33,377 	1,373,483 	19.07 	72,015 	74,269 	1.03
开放高清 	步步惊心蓝光(第04集).mp4 	步步惊心蓝光(第04集) 	69,034 	34,000 	1,313,752 	19.03 	69,034 	98,707 	1.43
开放高清 	步步惊心蓝光(第03集).mp4 	步步惊心蓝光(第03集) 	66,552 	34,186 	1,345,732 	20.22 	66,552 	116,579 	1.75
开放高清 	肩上蝶(高清).mp4 	肩上蝶(高清/陈坤梁咏琪) 	66,443 	34,724 	1,357,843 	20.44 	66,443 	54,472 	0.82
开放高清 	财神客栈(高清).mp4 	财神客栈(高清/谢霆锋阿SA) 	65,803 	29,511 	1,577,555 	23.97 	65,803 	69,674 	1.06
开放高清 	美女匪帮.mp4 	美女匪帮 	65,572 	29,456 	420,258 	6.41 	65,477 	16,761 	0.26
开放高清 	水性杨花.mp4 	水性杨花(放荡) 	61,073 	30,181 	291,207 	4.77 	61,073 	15,117 	0.25
开放高清 	步步惊心蓝光(第10集).mp4 	步步惊心蓝光(第10集) 	60,331 	47,497 	2,059,147 	34.13 	60,331 	145,437 	2.41
开放高清 	猿族崛起.mp4 	猿族崛起(猿人争霸战) 	58,223 	24,712 	1,366,420 	23.47 	58,223 	10,877 	0.19
开放高清 	狙击精英：重装上阵.mp4 	狙击精英：重装上阵 	56,712 	25,350 	1,157,763 	20.41 	56,693 	27,757 	0.49
开放高清 	新版水浒传(第01集)_V1.mp4 	新版水浒传(第01集) 	55,579 	27,373 	469,466 	8.45 	55,579 	25,191 	0.45
开放高清 	不速之约国语版(第01集).mp4 	不速之约国语版(第01集) 	55,207 	26,998 	866,301 	15.69 	55,207 	25,195 	0.46
开放高清 	步步惊心蓝光(第08集).mp4 	步步惊心蓝光(第08集) 	54,942 	37,127 	1,540,200 	28.03 	54,942 	106,788 	1.94
开放高清 	赌神.mp4 	赌神(赌王集合) 	54,854 	24,603 	1,276,143 	23.26 	54,318 	64,718 	1.19
开放高清 	武侠.mp4 	武侠(金城武汤唯) 	54,441 	28,914 	1,753,065 	32.20 	54,441 	18,045 	0.33
开放高清 	我是传奇(蓝光).mp4 	我是传奇(蓝光/威尔史密斯) 	53,732 	29,421 	1,703,668 	31.71 	53,732 	132,594 	2.47
开放高清 	掩护(第12集).mp4 	掩护(第12集) 	53,186 	25,550 	1,120,063 	21.06 	53,186 	51,633 	0.97
开放高清 	步步惊心(36分超长片花)_V1.mp4 	步步惊心--剧透版超长片花 	52,276 	30,872 	646,010 	12.36 	52,276 	31,131 	0.60
开放高清 	步步惊心蓝光(第09集).mp4 	步步惊心蓝光(第09集) 	51,254 	40,824 	1,743,494 	34.02 	51,254 	116,483 	2.27
开放高清 	喜羊羊与灰太狼之牛气冲天.mp4 	喜羊羊与灰太狼之牛气冲天 	49,429 	20,979 	754,645 	15.27 	49,006 	34,294 	0.70
开放高清 	新还珠格格高清(第01集).mp4 	新还珠格格高清(第01集) 	47,724 	23,363 	286,860 	6.01 	47,724 	28,420 	0.60
开放高清 	非诚勿扰-20110911-钻石王子.mp4 	非诚勿扰-20110911-钻石王子 	47,647 	38,329 	1,376,453 	28.89 	47,638 	76,235 	1.60
开放高清 	快乐大本营-20110910-娜就杰婚吧_V1.mp4 	快乐大本营-20110910-娜就杰婚吧 	47,641 	39,621 	1,943,451 	40.79 	47,641 	101,941 	2.14
开放高清 	喜羊羊与灰太狼(第0001集).mp4 	喜羊羊与灰太狼(第0001集) 	47,233 	20,164 	178,675 	3.78 	46,826 	12,793 	0.27
开放高清 	海贼王(第514集).mp4 	海贼王(第514集) 	47,098 	31,514 	335,763 	7.13 	47,097 	17,062 	0.36
开放高清 	佳节.mp4 	佳节(情色私生活) 	46,922 	23,108 	674,264 	14.37 	46,806 	30,430 	0.65
开放高清 	雪花秘扇(高清)_V1.mp4 	雪花秘扇(高清/雪花与秘扇) 	45,244 	25,009 	853,574 	18.87 	45,244 	29,525 	0.65
开放高清 	步步惊心蓝光(第07集).mp4 	步步惊心蓝光(第07集) 	45,225 	35,620 	1,484,259 	32.82 	45,225 	104,162 	2.30
开放高清 	步步惊心之精彩看点-第13集：若曦劝八阿哥放弃争皇位.mp4 	步步惊心之精彩看点-第13集：若曦劝八阿哥放弃争皇位 	44,488 	28,766 	44,797 	1.01 	44,488 	3,462 	0.08
开放高清 	宫锁心玉(第01集).mp4 	宫锁心玉(第01集) 	44,270 	17,714 	475,146 	10.73 	44,125 	40,415 	0.92
开放高清 	步步惊心蓝光(第02集).mp4 	步步惊心蓝光(第02集) 	44,147 	36,236 	1,423,648 	32.25 	44,147 	123,779 	2.80
开放高清 	步步惊心蓝光(第06集).mp4 	步步惊心蓝光(第06集) 	42,960 	34,349 	1,417,560 	33.00 	42,960 	102,032 	2.38
开放高清 	精英部队2.mp4 	精英部队2(精锐部队2) 	42,651 	20,158 	593,783 	13.92 	42,288 	15,647 	0.37
开放高清 	步步惊心蓝光(第05集).mp4 	步步惊心蓝光(第05集) 	41,785 	33,627 	1,392,802 	33.33 	41,785 	97,480 	2.33
开放高清 	少林僵尸.mp4 	少林僵尸(魔幻界) 	41,764 	17,063 	722,876 	17.31 	41,686 	22,252 	0.53
开放高清 	狙击精英：重装上阵(蓝光).mp4 	狙击精英：重装上阵(蓝光) 	41,604 	29,307 	1,661,526 	39.94 	41,604 	180,672 	4.34
开放高清 	哥布林.mp4 	哥布林(愤怒的诅咒) 	40,168 	22,519 	1,019,423 	25.38 	40,168 	30,222 	0.75
开放高清 	深圳女子为公益大方被人摸-9月18日.mp4 	深圳：女子为公益_大方被人“摸”-9月18日 	39,544 	34,525 	40,230 	1.02 	39,544 	4,770 	0.12
开放高清 	总决赛之夜-第一轮段林希《追梦的孩子》_V1.mp4 	总决赛之夜-第一轮段林希《追梦的孩子》 	39,292 	31,982 	78,473 	2.00 	39,292 	6,620 	0.17
开放高清 	新还珠格格高清(第98集).mp4 	新还珠格格高清(第98集) 	39,189 	30,271 	850,153 	21.69 	39,189 	58,599 	1.50
开放高清 	不求回报(高清).mp4 	不求回报(高清) 	39,167 	18,499 	637,755 	16.28 	39,166 	41,510 	1.06
开放高清 	稀人.mp4 	稀人 	39,097 	21,141 	321,917 	8.23 	39,093 	12,270 	0.31
开放高清 	武侠(蓝光).mp4 	武侠(蓝光/甄唯武) 	38,495 	18,617 	1,140,634 	29.63 	38,495 	71,447 	1.86
开放高清 	喜羊羊与灰太狼之虎虎生威.mp4 	喜羊羊与灰太狼之虎虎生威 	38,478 	15,527 	639,628 	16.62 	37,658 	22,850 	0.61
开放高清 	不速之约(第05集).mp4 	不速之约(第05集) 	37,645 	27,747 	1,409,463 	37.44 	37,645 	49,694 	1.32
开放高清 	性与早餐.mp4 	性与早餐(婚姻和性) 	36,500 	17,489 	271,298 	7.43 	36,413 	15,901 	0.44
开放高清 	江湖最后一个大佬.mp4 	(1990)江湖最后一个大佬 	36,242 	16,805 	638,543 	17.62 	36,124 	16,672 	0.46
开放高清 	一夜情.mp4 	一夜情(高清) 	36,100 	16,795 	408,472 	11.32 	36,100 	10,978 	0.30
开放高清 	美女私访菜-20110816-乳此动人细数各类御姐级游戏cosplayer.mp4 	[胸器]_乳此动人_细数各类御姐级游戏cosplayer 	35,849 	19,479 	37,639 	1.05 	35,848 	1,419 	0.04
开放高清 	掩护(第11集).mp4 	掩护(第11集) 	35,704 	25,461 	1,185,782 	33.21 	35,704 	57,995 	1.62
开放高清 	新还珠格格高清(第96集).mp4 	新还珠格格高清(第96集) 	35,014 	15,456 	454,187 	12.97 	35,014 	27,867 	0.80
开放高清 	铠甲勇士刑天(第01集).mp4 	铠甲勇士刑天_1 	34,963 	15,850 	194,110 	5.55 	34,102 	10,524 	0.31
开放高清 	新还珠格格高清(第97集).mp4 	新还珠格格高清(第97集) 	33,565 	16,702 	481,973 	14.36 	33,565 	28,468 	0.85
开放高清 	A片特攻队.mp4 	A片特攻队(诱惑你) 	33,437 	18,714 	207,615 	6.21 	33,411 	11,282 	0.34
开放高清 	一夜未了情(高清).mp4 	一夜未了情(高清) 	32,951 	16,144 	464,338 	14.09 	32,951 	28,909 	0.88
开放高清 	今年一定要嫁出去(高清).mp4 	今年一定要嫁出去(高清/剩女求爱记) 	32,744 	24,862 	1,136,105 	34.70 	32,740 	41,130 	1.26
开放高清 	大耳朵图图第2季(第01集).mp4 	大耳朵图图第2季(第01集) 	32,301 	13,457 	115,642 	3.58 	32,176 	7,867 	0.24
开放高清 	名侦探柯南(第633集).mp4 	名侦探柯南(第633集) 	31,996 	26,717 	677,754 	21.18 	31,996 	29,747 	0.93
开放高清 	新还珠格格高清(第02集).mp4 	新还珠格格高清(第02集) 	31,893 	16,461 	198,932 	6.24 	31,893 	13,821 	0.43
开放高清 	少年赌圣.mp4 	少年赌圣(搞笑离奇) 	31,810 	16,442 	778,137 	24.46 	31,669 	17,802 	0.56
开放高清 	海贼王(第001集).mp4 	海贼王(第001集) 	31,542 	18,346 	70,947 	2.25 	31,437 	3,208 	0.10
开放高清 	哆啦A梦(第0001集).mp4 	哆啦A梦(第0001集) 	31,478 	14,821 	77,135 	2.45 	31,446 	2,374 	0.08
开放高清 	刀客外传(高清).mp4 	刀客外传(高清/释小龙何洁) 	31,382 	26,258 	1,341,787 	42.76 	31,382 	57,255 	1.82
开放高清 	守护boss(第01集)_V1.mp4 	守护boss(第01集) 	31,275 	15,043 	425,813 	13.62 	31,275 	18,843 	0.60
开放高清 	不速之约(第01集).mp4 	不速之约(第01集) 	31,134 	25,104 	783,465 	25.16 	31,134 	31,939 	1.03
开放高清 	不速之约国语版(第05集).mp4 	不速之约国语版(第05集) 	31,112 	25,160 	1,164,003 	37.41 	31,112 	21,564 	0.69
开放高清 	妖精的尾巴(第97集).mp4 	妖精的尾巴(更新97) 	30,642 	24,792 	662,594 	21.62 	30,642 	27,278 	0.89
开放高清 	潜行狙击国语版(第01集).mp4 	潜行狙击国语版(第01集) 	29,936 	14,124 	427,660 	14.29 	29,935 	4,315 	0.14
开放高清 	钢的琴(高清)_V1.mp4 	钢的琴(高清/秦海璐) 	29,872 	21,362 	1,370,243 	45.87 	29,872 	40,225 	1.35
开放高清 	步步惊心之花絮-步步惊心ID.mp4 	步步惊心之花絮-步步惊心ID 	29,692 	23,085 	23,725 	0.80 	29,692 	2,116 	0.07
开放高清 	新京城四少高清(第30集).mp4 	新京城四少高清(第30集) 	29,476 	16,704 	480,422 	16.30 	29,476 	20,733 	0.70
开放高清 	单身男女(高清).mp4 	单身男女(高清/吴彦祖古天乐) 	29,259 	14,454 	630,162 	21.54 	29,244 	36,623 	1.25
开放高清 	笑太极.mp4 	笑太极(甄子丹) 	29,225 	13,188 	424,209 	14.52 	29,026 	13,711 	0.47
开放高清 	婚外初夜.mp4 	婚外初夜 	28,997 	13,778 	252,971 	8.72 	28,997 	7,066 	0.24
开放高清 	神枪手(高清).mp4 	神枪手(敌友难分/高清) 	28,994 	13,660 	612,726 	21.13 	28,809 	30,484 	1.06
开放高清 	出轨的女人.mp4 	出轨的女人(三角女同爱情) 	28,881 	13,439 	526,168 	18.22 	28,881 	22,377 	0.77
开放高清 	女人的香气(第01集).mp4 	女人的香气(第01集) 	28,554 	13,194 	306,100 	10.72 	28,554 	4,942 	0.17
开放高清 	泰罗奥特曼(第01集).mp4 	泰罗奥特曼(第01集) 	28,462 	14,654 	174,318 	6.12 	28,462 	4,260 	0.15
开放高清 	关云长(高清)_V3.mp4 	关云长(高清/姜文甄子丹) 	27,898 	12,425 	576,491 	20.66 	27,898 	23,048 	0.83
开放高清 	性在够辣.mp4 	性在够辣(复仇强奸恶魔) 	27,891 	12,796 	368,133 	13.20 	27,890 	10,093 	0.36
开放高清 	康熙来了-20110915-男明星最性感的那一刻.mp4 	康熙来了-20110915-男明星最性感的那一刻 	27,864 	23,677 	1,013,673 	36.38 	27,864 	29,250 	1.05
开放高清 	裸婚时代(第01集)_V2.mp4 	裸婚时代(第01集) 	27,796 	12,185 	317,983 	11.44 	27,795 	23,339 	0.84
开放高清 	僵尸先生续集之僵尸家族.mp4 	僵尸先生续集之僵尸家族 	27,568 	12,452 	409,892 	14.87 	27,542 	12,759 	0.46
开放高清 	陈光标砸毁豪车挺油价涨50-9月18日.mp4 	陈光标砸毁豪车_挺油价涨50%-9月18日 	27,421 	24,953 	51,472 	1.88 	27,421 	3,246 	0.12
开放高清 	新版水浒传(第86集).mp4 	新版水浒传(第86集) 	26,715 	14,969 	538,433 	20.15 	26,714 	20,314 	0.76
开放高清 	新京城四少高清(第02集)_V1.mp4 	新京城四少高清(第02集) 	25,992 	14,915 	542,807 	20.88 	25,992 	22,458 	0.86
开放高清 	第二次爱情.mp4 	第二次爱情(肉体交易) 	25,768 	12,397 	260,134 	10.10 	25,767 	11,987 	0.47
开放高清 	赌神2_V1.mp4 	(1994)赌神2 	25,767 	11,070 	703,200 	27.29 	25,767 	7,090 	0.28
开放高清 	男女之战.mp4 	男女之战(性别战争) 	25,619 	13,691 	171,423 	6.69 	25,619 	3,782 	0.15
开放高清 	潘金莲.mp4 	潘金莲(红杏出墙) 	25,374 	19,126 	250,975 	9.89 	25,373 	13,488 	0.53
开放高清 	人兽杂交(高清).mp4 	人兽杂交(颤栗异种/高清) 	25,295 	11,160 	426,744 	16.87 	25,243 	34,456 	1.36
开放高清 	最爱(高清)_V3.mp4 	最爱(高清/章子怡郭富城) 	25,038 	12,328 	488,129 	19.50 	25,038 	20,032 	0.80
开放高清 	掩护(第10集).mp4 	掩护(第10集) 	24,982 	18,705 	723,595 	28.96 	24,982 	25,741 	1.03
开放高清 	火影忍者(第447集).mp4 	火影忍者(第447集) 	24,943 	11,814 	132,230 	5.30 	24,943 	6,532 	0.26
开放高清 	掩护(第08集).mp4 	掩护(第08集) 	24,572 	14,601 	622,609 	25.34 	24,572 	17,954 	0.73
开放高清 	猫和老鼠剧场版 飞向火星.mp4 	猫和老鼠剧场版_飞向火星 	24,464 	11,074 	360,702 	14.74 	24,046 	14,739 	0.61
开放高清 	黑势力.mp4 	黑势力 	24,368 	11,624 	360,293 	14.79 	24,174 	10,391 	0.43
开放高清 	城市猎人(第01集)_V2.mp4 	城市猎人(第01集) 	24,328 	10,960 	327,745 	13.47 	24,328 	13,755 	0.57
开放高清 	不速之约国语版(第02集).mp4 	不速之约国语版(第02集) 	24,137 	17,158 	738,148 	30.58 	24,137 	14,180 	0.59
开放高清 	奥特曼列传(第01集).mp4 	奥特曼列传(第01集) 	24,116 	10,932 	185,408 	7.69 	24,116 	12,333 	0.51
开放高清 	千次的吻(第01集)_V1.mp4 	千次的吻(第01集) 	24,039 	12,798 	167,282 	6.96 	24,039 	3,072 	0.13
开放高清 	爱情万万岁(第19集).mp4 	爱情万万岁(第19集) 	24,036 	18,708 	1,243,145 	51.72 	24,036 	40,416 	1.68
开放高清 	不速之约国语版(第04集).mp4 	不速之约国语版(第04集) 	23,884 	16,937 	720,406 	30.16 	23,884 	14,200 	0.59
开放高清 	潮性办公室(高清).mp4 	潮性办公室(高清/爆笑舞台) 	23,739 	12,610 	519,095 	21.87 	23,739 	15,602 	0.66
开放高清 	终极斗士3赎罪.mp4 	终极斗士3赎罪 	23,658 	12,771 	450,690 	19.05 	23,624 	9,146 	0.39
开放高清 	千次的吻(第09集).mp4 	千次的吻(第09集) 	23,440 	17,762 	1,137,601 	48.53 	23,440 	39,682 	1.69
开放高清 	香港强奸奇案之割喉.mp4 	香港强奸奇案之割喉(变态奸杀) 	23,246 	11,289 	239,684 	10.31 	23,246 	5,673 	0.24
开放高清 	牧人的性玩偶(高清).mp4 	牧人的性玩偶(高清) 	23,162 	12,485 	343,069 	14.81 	23,162 	15,703 	0.68
开放高清 	潜行狙击(第01集).mp4 	潜行狙击(第01集) 	23,120 	10,531 	247,796 	10.72 	23,120 	8,373 	0.36
开放高清 	掩护(第02集).mp4 	掩护(第02集) 	23,000 	17,811 	779,261 	33.88 	23,000 	22,181 	0.96
开放高清 	大耳朵图图第1季(第01集).mp4 	大耳朵图图第1季(第01集) 	22,896 	9,806 	87,638 	3.83 	22,736 	6,882 	0.30
开放高清 	古惑仔6.mp4 	古惑仔6(胜者为王) 	22,867 	10,599 	493,211 	21.57 	22,807 	13,191 	0.58
开放高清 	我老婆是赌圣.mp4 	我老婆是赌圣(失忆赌王) 	22,767 	10,080 	613,386 	26.94 	22,691 	16,793 	0.74
开放高清 	精武风云-陈真.mp4 	精武风云・陈真(真功夫) 	22,628 	11,699 	437,819 	19.35 	22,159 	12,047 	0.54
开放高清 	水浒笑传.mp4 	水浒笑传(雌雄大骗) 	22,564 	12,591 	188,270 	8.34 	22,458 	6,992 	0.31
开放高清 	性欲熏心.mp4 	性欲熏心 	22,500 	11,256 	192,102 	8.54 	22,500 	8,567 	0.38
开放高清 	掩护(第03集).mp4 	掩护(第03集) 	22,447 	16,589 	751,074 	33.46 	22,447 	19,067 	0.85
开放高清 	新还珠格格高清(第95集).mp4 	新还珠格格高清(第95集) 	22,306 	12,621 	373,675 	16.75 	22,306 	20,814 	0.93
开放高清 	新版水浒传(第85集).mp4 	新版水浒传(第85集) 	22,296 	13,398 	466,457 	20.92 	22,296 	15,820 	0.71
开放高清 	九五至尊2003(第01集).mp4 	九五至尊2003(第01集) 	22,226 	10,108 	239,162 	10.76 	22,172 	9,343 	0.42
开放高清 	房不剩防(高清).mp4 	房不剩防(高清/销魂“房事”) 	22,119 	10,717 	337,949 	15.28 	22,118 	16,508 	0.75
开放高清 	终极快递(高清)_V1.mp4 	终极快递(高清/速递) 	22,106 	10,971 	449,462 	20.33 	22,105 	16,493 	0.75
开放高清 	欲蛇.mp4 	欲蛇(美女蛇) 	22,065 	9,991 	366,756 	16.62 	22,016 	12,694 	0.58
开放高清 	喜羊羊与灰太狼之羊羊运动会(第01集).mp4 	喜羊羊与灰太狼之羊羊运动会(第01集) 	21,818 	9,809 	84,851 	3.89 	21,562 	5,804 	0.27
开放高清 	赤裸裸(高清).mp4 	赤裸裸(高清) 	21,788 	10,575 	115,686 	5.31 	21,788 	10,632 	0.49
开放高清 	建党伟业(高清).mp4 	建党伟业(高清/百位全明星) 	21,618 	10,838 	792,683 	36.67 	21,618 	22,450 	1.04
开放高清 	事故专家组动车信号技术不存在问题-9月18日.mp4 	事故专家组：动车信号技术不存在问题-9月18日 	21,481 	18,894 	3,658 	0.17 	21,481 	1,160 	0.05
开放高清 	猫和老鼠(第01集).mp4 	猫和老鼠(第01集) 	21,464 	9,733 	61,804 	2.88 	21,286 	4,536 	0.21
开放高清 	天天向上-20110909-天天兄弟南非之旅.mp4 	天天向上-20110909-天天兄弟南非之旅 	21,351 	17,662 	788,128 	36.91 	21,344 	31,820 	1.49
开放高清 	蚁群.mp4 	蚁群(恐怖啃食) 	21,240 	9,476 	407,723 	19.20 	21,202 	14,823 	0.70
开放高清 	今年一定要嫁出去.mp4 	今年一定要嫁出去(剩女求爱记) 	21,230 	18,275 	815,234 	38.40 	21,230 	25,521 	1.20
开放高清 	夏利撞宝马司机被逃逸-9月17日.mp4 	夏利“撞”宝马_司机“被逃逸” 	21,204 	19,389 	50,656 	2.39 	21,204 	1,809 	0.09
开放高清 	掩护(第04集).mp4 	掩护(第04集) 	21,111 	14,962 	675,304 	31.99 	21,111 	18,878 	0.89
开放高清 	花园宝宝(第01集).mp4 	花园宝宝(第01集) 	21,010 	8,782 	174,566 	8.31 	20,821 	9,474 	0.46
开放高清 	我是特种兵(第01集).mp4 	我是特种兵(第01集) 	20,946 	10,007 	180,453 	8.62 	20,882 	13,562 	0.65
开放高清 	下女.mp4 	下女(偷情侍女全度妍) 	20,925 	9,904 	218,769 	10.45 	20,525 	10,474 	0.51
开放高清 	掩护(第09集).mp4 	掩护(第09集) 	20,921 	15,848 	708,008 	33.84 	20,921 	23,415 	1.12
开放高清 	步步惊心之精彩看点-第13集：明玉格格卖萌讨关怀.mp4 	步步惊心之精彩看点-第13集：明玉格格卖萌讨关怀 	20,807 	13,677 	26,668 	1.28 	20,806 	1,436 	0.07
开放高清 	不速之约(第04集)_V1.mp4 	不速之约(第04集) 	20,807 	16,820 	769,220 	36.97 	20,807 	26,221 	1.26
开放高清 	第一滴血4(高清)_V1.mp4 	第一滴血4(高清) 	20,790 	10,060 	335,644 	16.14 	20,679 	22,224 	1.07
开放高清 	潜行狙击国语版(第30集).mp4 	潜行狙击国语版(第30集) 	20,783 	14,786 	578,733 	27.85 	20,783 	16,449 	0.79
开放高清 	古惑仔1.mp4 	(1996)古惑仔1(人在江湖) 	20,777 	9,111 	453,338 	21.82 	20,686 	17,088 	0.83
开放高清 	榴莲飘飘1.mp4 	榴莲飘飘(妓女的生活) 	20,721 	10,110 	284,056 	13.71 	20,325 	12,800 	0.63
开放高清 	潜行狙击国语版(第22集).mp4 	潜行狙击国语版(第22集) 	20,652 	10,824 	461,625 	22.35 	20,652 	12,744 	0.62
开放高清 	巴啦啦小魔仙(第01集).mp4 	巴啦啦小魔仙(第01集) 	20,642 	10,181 	150,395 	7.29 	20,442 	8,685 	0.42
开放高清 	无人驾驶.mp4 	无人驾驶(网络独播) 	20,640 	12,424 	369,418 	17.90 	20,232 	10,911 	0.54
开放高清 	美国飞行比赛发生坠机事故死伤70余人-9月18日.mp4 	美国飞行比赛发生坠机事故死伤70余人-9月18日 	20,632 	18,184 	21,574 	1.05 	20,632 	2,198 	0.11
开放高清 	美女与野兽新世纪激情篇.mp4 	美女与野兽-新世纪激情篇(野兽男孩) 	20,559 	9,732 	190,952 	9.29 	20,559 	3,972 	0.19
开放高清 	不速之约(第03集).mp4 	不速之约(第03集) 	20,354 	14,268 	660,754 	32.46 	20,354 	20,805 	1.02
开放高清 	食人鱼3D.mp4 	食人鱼3D(变种食人鱼) 	20,346 	8,993 	331,645 	16.30 	20,250 	9,125 	0.45
开放高清 	喜羊羊与灰太狼(第002集).mp4 	喜羊羊与灰太狼(第002集) 	20,332 	10,920 	138,685 	6.82 	20,192 	4,645 	0.23
开放高清 	北京大兴灭门案凶手被执行死刑-9月17日.mp4 	北京大兴灭门案凶手被执行死刑-9月17日 	20,328 	14,055 	2,462 	0.12 	20,327 	406 	0.02
开放高清 	最强质(高清).mp4 	最强质(喜事2011/高清) 	20,261 	9,880 	429,042 	21.18 	20,077 	22,900 	1.14
开放高清 	开心鬼救开心鬼.mp4 	开心鬼救开心鬼(小鬼自救) 	20,260 	9,379 	313,899 	15.49 	20,227 	11,087 	0.55
开放高清 	生死狙击.mp4 	生死狙击 	20,229 	8,793 	553,044 	27.34 	20,189 	19,009 	0.94
开放高清 	天子门生.mp4 	天子门生(黑帮冲突) 	20,201 	10,270 	459,666 	22.75 	20,170 	13,078 	0.65
开放高清 	新京城四少高清(第29集).mp4 	新京城四少高清(第29集) 	20,127 	10,966 	408,563 	20.30 	20,127 	20,540 	1.02
开放高清 	掩护(第07集).mp4 	掩护(第07集) 	20,097 	14,299 	627,290 	31.21 	20,097 	18,540 	0.92
开放高清 	我们结婚了第2季-20110917-维尼夫妇(cut).mp4 	我们结婚了第2季-20110917-维尼夫妇(cut) 	20,037 	15,003 	528,593 	26.38 	20,037 	28,938 	1.44
开放高清 	一路惊心(高清).mp4 	一路惊心(高清/笨贼一箩筐) 	19,916 	16,830 	1,053,285 	52.89 	19,916 	28,990 	1.46
  	  	合计 	13,657,453 	7,901,185 	300,427,278 	22.00 	13,647,557 	15,975,180 	1.17
