开放高清 	步步惊心(第01集).mp4 	步步惊心(第01集) 	625,831 	355,828 	8,707,069 	13.91 	625,830 	521,403 	0.83
开放高清 	步步惊心(第11集).mp4 	步步惊心(第11集) 	617,907 	402,073 	17,786,929 	28.79 	617,906 	1,074,419 	1.74
开放高清 	步步惊心(第10集).mp4 	步步惊心(第10集) 	515,754 	359,723 	17,213,406 	33.38 	515,753 	933,814 	1.81
开放高清 	步步惊心高清(第03集).mp4 	步步惊心(第03集) 	330,081 	197,477 	6,924,279 	20.98 	330,080 	332,731 	1.01
开放高清 	步步惊心(第08集).mp4 	步步惊心(第08集) 	310,871 	182,427 	7,431,278 	23.90 	310,870 	334,307 	1.08
开放高清 	步步惊心(第09集).mp4 	步步惊心(第09集) 	304,376 	226,145 	9,229,181 	30.32 	304,376 	437,312 	1.44
开放高清 	2011快乐女声全国总决赛决战之夜(高清).mp4 	2011快乐女声全国总决赛决战之夜(高清) 	300,324 	191,637 	13,586,006 	45.24 	300,320 	1,009,381 	3.36
开放高清 	步步惊心(第02集).mp4 	步步惊心(第02集) 	277,878 	172,225 	6,840,172 	24.62 	277,878 	311,785 	1.12
开放高清 	步步惊心(第06集).mp4 	步步惊心(第06集) 	272,899 	169,965 	7,047,723 	25.83 	272,899 	334,068 	1.22
开放高清 	步步惊心(第04集).mp4 	步步惊心(第04集) 	270,614 	169,553 	6,723,840 	24.85 	270,614 	310,851 	1.15
开放高清 	爱情睡醒了(第08集).mp4 	爱情睡醒了(第08集) 	243,487 	111,985 	4,319,191 	17.74 	243,487 	341,933 	1.40
开放高清 	步步惊心(第05集).mp4 	步步惊心(第05集) 	240,446 	171,846 	7,240,713 	30.11 	240,446 	324,932 	1.35
开放高清 	我想吃掉你.mp4 	我想吃掉你(你是我的蕾丝边) 	237,584 	75,751 	1,009,756 	4.25 	237,584 	125,332 	0.53
开放高清 	步步惊心(第07集).mp4 	步步惊心(第07集) 	235,284 	174,295 	7,311,454 	31.08 	235,284 	329,742 	1.40
开放高清 	爱情睡醒了(第01集).mp4 	爱情睡醒了(第01集) 	216,312 	140,338 	3,945,147 	18.24 	216,312 	274,564 	1.27
开放高清 	爱情睡醒了(第07集).mp4 	爱情睡醒了(第07集) 	183,335 	114,228 	4,643,237 	25.33 	183,335 	407,507 	2.22
开放高清 	孤岛惊魂(高清)_V1.mp4 	孤岛惊魂(高清/杨幂) 	163,732 	130,842 	8,335,012 	50.91 	163,732 	371,375 	2.27
开放高清 	爱情睡醒了(第02集).mp4 	爱情睡醒了(第02集) 	160,658 	85,073 	3,166,726 	19.71 	160,658 	163,234 	1.02
开放高清 	步步惊心蓝光(第11集).mp4 	步步惊心蓝光(第11集) 	155,775 	104,728 	4,452,331 	28.58 	155,774 	485,544 	3.12
开放高清 	爱情睡醒了(第03集).mp4 	爱情睡醒了(第03集) 	139,302 	75,639 	2,910,624 	20.89 	139,302 	167,645 	1.20
开放高清 	步步惊心蓝光(第01集).mp4 	步步惊心蓝光(第01集) 	135,573 	98,045 	2,032,407 	14.99 	135,573 	269,560 	1.99
开放高清 	步步惊心蓝光(第10集).mp4 	步步惊心蓝光(第10集) 	122,147 	91,936 	4,353,448 	35.64 	122,146 	432,904 	3.54
开放高清 	爱情睡醒了(第06集).mp4 	爱情睡醒了(第06集) 	122,054 	79,919 	2,724,805 	22.32 	122,054 	161,822 	1.33
开放高清 	爱情睡醒了(第04集).mp4 	爱情睡醒了(第04集) 	115,924 	71,359 	2,671,196 	23.04 	115,923 	141,579 	1.22
开放高清 	12名男子轮奸14岁少女潜逃两年集体自首-9月16日.mp4 	12名男子轮奸14岁少女_潜逃两年集体自首-9月16日 	115,261 	93,613 	254,976 	2.21 	115,261 	18,454 	0.16
开放高清 	爱情睡醒了(第05集).mp4 	爱情睡醒了(第05集) 	114,702 	73,122 	2,848,888 	24.84 	114,700 	167,014 	1.46
开放高清 	赤裸特工.mp4 	赤裸特工(床上杀手) 	111,703 	59,385 	2,434,458 	21.79 	111,529 	101,314 	0.91
开放高清 	火影忍者(第448集).mp4 	火影忍者(第448集) 	109,211 	63,924 	413,916 	3.79 	109,211 	27,760 	0.25
开放高清 	武侠(高清).mp4 	武侠(高清/甄子丹) 	106,324 	63,736 	4,046,246 	38.06 	106,324 	152,313 	1.43
开放高清 	肩上蝶(高清).mp4 	肩上蝶(高清/陈坤梁咏琪) 	103,359 	65,648 	1,734,271 	16.78 	103,358 	73,748 	0.71
开放高清 	康熙来了-20110915-男明星最性感的那一刻.mp4 	康熙来了-20110915-男明星最性感的那一刻 	96,135 	81,691 	2,682,210 	27.90 	96,134 	103,666 	1.08
开放高清 	朋友也上床.mp4 	朋友也上床(炮友关系) 	91,536 	68,808 	2,847,220 	31.10 	91,535 	83,891 	0.92
开放高清 	总决赛之夜-第一轮段林希《追梦的孩子》.mp4 	总决赛之夜-第一轮段林希《追梦的孩子》 	75,912 	55,786 	156,052 	2.06 	75,912 	14,811 	0.20
开放高清 	新僵尸先生.mp4 	新僵尸先生(茅山道士) 	73,474 	39,415 	1,327,320 	18.07 	73,357 	31,883 	0.43
开放高清 	步步惊心蓝光(第09集).mp4 	步步惊心蓝光(第09集) 	71,233 	56,068 	2,266,620 	31.82 	71,233 	174,774 	2.45
开放高清 	新京城四少高清(第01集)_V1.mp4 	新京城四少高清(第01集) 	68,470 	41,410 	721,017 	10.53 	68,470 	47,563 	0.69
开放高清 	非诚勿扰-20110911-钻石王子.mp4 	非诚勿扰-20110911-钻石王子 	67,803 	53,514 	2,329,968 	34.36 	67,798 	131,215 	1.94
开放高清 	步步惊心蓝光(第04集).mp4 	步步惊心蓝光(第04集) 	67,003 	40,791 	1,578,685 	23.56 	67,003 	123,872 	1.85
开放高清 	康熙来了-20110916-我拍胸脯保证他可以当明星_V1.mp4 	康熙来了-20110916-我拍胸脯保证他可以当明星 	66,566 	55,620 	1,843,135 	27.69 	66,565 	133,747 	2.01
开放高清 	2011快乐女声全国总决赛决战之夜-全国12强助阵开场.mp4 	2011快乐女声全国总决赛决战之夜-全国12强助阵开场 	66,179 	50,734 	398,507 	6.02 	66,179 	40,063 	0.61
开放高清 	步步惊心蓝光(第03集).mp4 	步步惊心蓝光(第03集) 	64,664 	40,702 	1,620,020 	25.05 	64,664 	147,841 	2.29
开放高清 	我是传奇(蓝光).mp4 	我是传奇(蓝光/威尔史密斯) 	61,347 	40,776 	2,176,037 	35.47 	61,347 	190,056 	3.10
开放高清 	步步惊心蓝光(第08集).mp4 	步步惊心蓝光(第08集) 	60,773 	44,495 	1,806,431 	29.72 	60,773 	133,475 	2.20
开放高清 	财神客栈(高清).mp4 	财神客栈(高清/谢霆锋阿SA) 	57,191 	30,788 	1,634,360 	28.58 	57,191 	79,068 	1.38
开放高清 	新京城四少高清(第30集).mp4 	新京城四少高清(第30集) 	56,897 	30,853 	1,283,728 	22.56 	56,896 	78,715 	1.38
开放高清 	步步惊心蓝光(第07集).mp4 	步步惊心蓝光(第07集) 	53,450 	42,427 	1,789,886 	33.49 	53,450 	137,260 	2.57
开放高清 	掩护(第01集).mp4 	掩护(第01集) 	52,793 	30,477 	858,155 	16.26 	52,793 	42,918 	0.81
开放高清 	快乐大本营-20110910-娜就杰婚吧_V1.mp4 	快乐大本营-20110910-娜就杰婚吧 	52,362 	42,498 	2,122,729 	40.54 	52,360 	116,027 	2.22
开放高清 	步步惊心蓝光(第05集).mp4 	步步惊心蓝光(第05集) 	51,132 	40,923 	1,687,434 	33.00 	51,132 	125,164 	2.45
开放高清 	步步惊心蓝光(第06集).mp4 	步步惊心蓝光(第06集) 	51,026 	40,886 	1,698,033 	33.28 	51,026 	130,940 	2.57
开放高清 	步步惊心蓝光(第02集).mp4 	步步惊心蓝光(第02集) 	50,978 	41,823 	1,629,200 	31.96 	50,977 	153,606 	3.01
开放高清 	新版水浒传(第01集)_V1.mp4 	新版水浒传(第01集) 	50,363 	28,734 	500,790 	9.94 	50,363 	27,804 	0.55
开放高清 	新还珠格格高清(第98集).mp4 	新还珠格格高清(第98集) 	49,912 	38,013 	1,042,216 	20.88 	49,912 	75,947 	1.52
开放高清 	水性杨花.mp4 	水性杨花(放荡) 	49,414 	29,399 	279,257 	5.65 	49,414 	16,151 	0.33
开放高清 	不速之约国语版(第01集).mp4 	不速之约国语版(第01集) 	48,873 	31,087 	986,770 	20.19 	48,873 	28,005 	0.57
开放高清 	新京城四少高清(第29集).mp4 	新京城四少高清(第29集) 	48,148 	27,359 	1,187,488 	24.66 	48,148 	80,614 	1.67
开放高清 	美女匪帮.mp4 	美女匪帮 	47,839 	26,541 	379,244 	7.93 	47,724 	18,087 	0.38
开放高清 	步步惊心(36分超长片花)_V1.mp4 	步步惊心--剧透版超长片花 	47,590 	31,791 	669,547 	14.07 	47,590 	33,412 	0.70
开放高清 	狙击精英：重装上阵.mp4 	狙击精英：重装上阵 	46,811 	24,759 	1,105,984 	23.63 	46,797 	26,582 	0.57
开放高清 	新还珠格格高清(第01集).mp4 	新还珠格格高清(第01集) 	43,969 	25,927 	322,853 	7.34 	43,969 	27,358 	0.62
开放高清 	赌神.mp4 	赌神(赌王集合) 	43,423 	23,613 	1,229,842 	28.32 	42,824 	59,824 	1.40
开放高清 	武侠.mp4 	武侠(金城武汤唯) 	42,690 	27,606 	1,670,945 	39.14 	42,689 	16,629 	0.39
开放高清 	喜羊羊与灰太狼之牛气冲天.mp4 	喜羊羊与灰太狼之牛气冲天 	41,251 	21,346 	783,145 	18.98 	40,704 	34,395 	0.85
开放高清 	猿族崛起.mp4 	猿族崛起(猿人争霸战) 	41,051 	22,371 	1,167,728 	28.45 	41,048 	10,426 	0.25
开放高清 	佳节.mp4 	佳节(情色私生活) 	40,053 	23,159 	672,045 	16.78 	39,924 	32,244 	0.81
开放高清 	新还珠格格高清(第97集).mp4 	新还珠格格高清(第97集) 	39,110 	21,352 	624,747 	15.97 	39,110 	39,013 	1.00
开放高清 	泰罗奥特曼(第01集).mp4 	泰罗奥特曼(第01集) 	38,305 	21,113 	243,247 	6.35 	38,305 	7,128 	0.19
开放高清 	雪花秘扇(高清)_V1.mp4 	雪花秘扇(高清/雪花与秘扇) 	38,167 	25,700 	817,987 	21.43 	38,167 	31,748 	0.83
开放高清 	喜羊羊与灰太狼(第0001集).mp4 	喜羊羊与灰太狼(第0001集) 	38,125 	20,338 	171,750 	4.50 	37,725 	12,840 	0.34
开放高清 	今年一定要嫁出去.mp4 	今年一定要嫁出去(剩女求爱记) 	37,946 	32,877 	1,453,619 	38.31 	37,945 	48,800 	1.29
开放高清 	守护boss(第01集)_V1.mp4 	守护boss(第01集) 	37,843 	22,261 	560,234 	14.80 	37,843 	28,178 	0.74
开放高清 	新还珠格格高清(第96集).mp4 	新还珠格格高清(第96集) 	36,923 	19,444 	572,453 	15.50 	36,923 	37,469 	1.01
开放高清 	不速之约(第01集).mp4 	不速之约(第01集) 	36,629 	29,762 	893,235 	24.39 	36,629 	38,370 	1.05
开放高清 	宫锁心玉(第01集).mp4 	宫锁心玉(第01集) 	35,826 	18,637 	507,710 	14.17 	35,676 	43,648 	1.22
开放高清 	我们约会吧-20110913-男嘉宾强势灭灯遭遇女嘉宾数落.mp4 	我们约会吧-20110913-男嘉宾强势灭灯遭遇女嘉宾数落 	34,419 	28,867 	898,740 	26.11 	34,419 	38,189 	1.11
开放高清 	积奇玛莉.mp4 	积奇玛莉(搞笑双警花) 	34,251 	22,399 	520,875 	15.21 	34,240 	26,521 	0.77
开放高清 	总决赛之夜-第一轮刘忻《老男孩》.mp4 	总决赛之夜-第一轮刘忻《老男孩》 	34,182 	23,331 	88,928 	2.60 	34,182 	7,435 	0.22
开放高清 	大耳朵图图第2季(第01集).mp4 	大耳朵图图第2季(第01集) 	33,805 	17,530 	146,608 	4.34 	33,632 	11,735 	0.35
开放高清 	2011快乐女声全国总决赛决战之夜-第一轮冠军候选争夺战第二回合.mp4 	2011快乐女声全国总决赛决战之夜-第一轮冠军候选争夺战第二回合 	33,343 	23,725 	394,742 	11.84 	33,343 	49,825 	1.49
开放高清 	海贼王(第514集).mp4 	海贼王(第514集) 	33,329 	24,758 	360,479 	10.82 	33,329 	18,472 	0.55
开放高清 	铠甲勇士刑天(第01集).mp4 	铠甲勇士刑天(第01集) 	33,176 	18,652 	225,945 	6.81 	32,186 	12,760 	0.40
开放高清 	稀人.mp4 	稀人 	32,999 	19,879 	293,713 	8.90 	32,998 	12,348 	0.37
开放高清 	不速之约(第04集)_V1.mp4 	不速之约(第04集) 	32,836 	25,716 	1,168,449 	35.58 	32,836 	40,525 	1.23
开放高清 	喜羊羊与灰太狼之虎虎生威.mp4 	喜羊羊与灰太狼之虎虎生威 	32,769 	16,036 	671,150 	20.48 	31,937 	25,936 	0.81
开放高清 	掩护(第10集).mp4 	掩护(第10集) 	32,564 	22,214 	971,706 	29.84 	32,564 	45,348 	1.39
开放高清 	少林僵尸.mp4 	少林僵尸(魔幻界) 	31,989 	16,310 	700,268 	21.89 	31,930 	24,414 	0.76
开放高清 	武侠(蓝光).mp4 	武侠(蓝光/甄唯武) 	31,293 	19,718 	1,151,143 	36.79 	31,293 	72,452 	2.32
开放高清 	步步惊心之花絮-步步惊心ID.mp4 	步步惊心之花絮-步步惊心ID 	30,603 	24,428 	23,646 	0.77 	30,603 	2,591 	0.08
开放高清 	美女私访菜-20110816-乳此动人细数各类御姐级游戏cosplayer.mp4 	[美女]_乳此动人_细数各类御姐级游戏cosplayer 	30,429 	20,039 	39,522 	1.30 	30,429 	1,630 	0.05
开放高清 	婚外初夜.mp4 	婚外初夜 	30,268 	17,354 	333,861 	11.03 	30,268 	9,577 	0.32
开放高清 	总决赛之夜-第一轮段林希《追梦的孩子》_V1.mp4 	总决赛之夜-第一轮段林希《追梦的孩子》 	30,219 	24,748 	57,852 	1.91 	30,219 	7,237 	0.24
开放高清 	总决赛之夜-回顾8年梦想之旅.mp4 	总决赛之夜-回顾8年梦想之旅 	30,142 	23,180 	103,407 	3.43 	30,142 	8,342 	0.28
开放高清 	国光帮帮忙-20110915-老婆爱喝酒.mp4 	国光帮帮忙-20110915-老婆爱喝酒 	30,102 	24,093 	1,102,270 	36.62 	30,102 	21,620 	0.72
开放高清 	掩护(第09集).mp4 	掩护(第09集) 	30,073 	22,228 	1,069,722 	35.57 	30,073 	50,209 	1.67
开放高清 	723动车事故调查者事故问题被确认天气问题为主因-9月16日.mp4 	723动车事故调查者：“事故问题被确认_天气问题为主因”-9月16日 	29,522 	22,988 	10,314 	0.35 	29,522 	991 	0.03
开放高清 	江湖最后一个大佬.mp4 	江湖最后一个大佬(周星驰) 	29,491 	16,852 	671,415 	22.77 	29,359 	18,719 	0.64
开放高清 	实拍富二代开学咆哮大骂学校条件差-9月16日.mp4 	实拍富二代开学咆哮_大骂学校条件差-9月16日 	29,430 	26,035 	35,444 	1.20 	29,430 	2,726 	0.09
开放高清 	新还珠格格高清(第02集).mp4 	新还珠格格高清(第02集) 	29,429 	18,169 	217,969 	7.41 	29,429 	14,355 	0.49
开放高清 	一夜未了情(高清).mp4 	一夜未了情(高清/李小冉方中信) 	29,157 	16,613 	464,268 	15.92 	29,157 	30,356 	1.04
开放高清 	精英部队2.mp4 	精英部队2(精锐部队2) 	29,086 	17,445 	513,824 	17.67 	28,755 	14,115 	0.49
开放高清 	性与早餐.mp4 	性与早餐(婚姻和性) 	28,756 	16,690 	262,657 	9.13 	28,673 	15,229 	0.53
开放高清 	不速之约国语版(第04集).mp4 	不速之约国语版(第04集) 	28,659 	22,259 	978,970 	34.16 	28,659 	18,629 	0.65
开放高清 	一夜情.mp4 	一夜情(高清) 	28,484 	16,314 	386,116 	13.56 	28,484 	10,810 	0.38
开放高清 	北京大兴灭门案凶手被执行死刑-9月17日.mp4 	【社会】北京大兴灭门案凶手被执行死刑-9月17日 	28,025 	22,347 	2,107 	0.08 	28,025 	964 	0.03
开放高清 	守护boss(第14集).mp4 	守护boss(第14集) 	27,630 	21,794 	1,224,429 	44.32 	27,630 	30,259 	1.10
开放高清 	九寨沟小萝莉网络爆红秒杀众网友-9月17日.mp4 	【社会】九寨沟小萝莉网络爆红_秒杀众网友-9月17日 	27,366 	24,951 	19,711 	0.72 	27,366 	2,541 	0.09
开放高清 	哥布林.mp4 	哥布林(愤怒的诅咒) 	27,318 	20,748 	932,609 	34.14 	27,318 	36,315 	1.33
开放高清 	妖精的尾巴(第97集).mp4 	妖精的尾巴(更新97) 	27,208 	21,965 	568,409 	20.89 	27,208 	40,183 	1.48
开放高清 	今年一定要嫁出去(高清).mp4 	今年一定要嫁出去(高清/剩女求爱记) 	27,002 	23,039 	1,025,179 	37.97 	27,002 	41,189 	1.53
开放高清 	哆啦A梦(第0001集).mp4 	哆啦A梦(第0001集) 	26,790 	14,808 	76,825 	2.87 	26,761 	2,351 	0.09
开放高清 	掩护(第08集).mp4 	掩护(第08集) 	26,670 	17,278 	664,278 	24.91 	26,670 	21,762 	0.82
开放高清 	不速之约国语版(第02集).mp4 	不速之约国语版(第02集) 	26,354 	19,392 	810,936 	30.77 	26,354 	17,039 	0.65
开放高清 	新还珠格格高清(第95集).mp4 	新还珠格格高清(第95集) 	26,272 	15,503 	457,448 	17.41 	26,272 	26,985 	1.03
开放高清 	天天向上-20110909-天天兄弟南非之旅.mp4 	天天向上-20110909-天天兄弟南非之旅 	26,237 	21,799 	918,644 	35.01 	26,235 	43,013 	1.64
开放高清 	大耳朵图图第1季(第01集).mp4 	大耳朵图图第1季(第01集) 	26,212 	13,436 	117,612 	4.49 	26,008 	8,043 	0.31
开放高清 	A片特攻队.mp4 	A片特攻队 	25,937 	18,259 	200,916 	7.75 	25,914 	9,569 	0.37
开放高清 	潜行狙击国语版(第01集).mp4 	潜行狙击国语版(第01集) 	25,678 	14,788 	444,201 	17.30 	25,678 	5,272 	0.21
开放高清 	白蛇后传(第01集).mp4 	白蛇后传(第01集) 	25,560 	15,479 	246,700 	9.65 	25,541 	10,649 	0.42
开放高清 	2011快乐女声全国总决赛决战之夜-第一轮冠军候选争夺战第一回合.mp4 	2011快乐女声全国总决赛决战之夜-第一轮冠军候选争夺战第一回合 	25,471 	15,898 	281,724 	11.06 	25,471 	31,223 	1.23
开放高清 	不速之约(第03集).mp4 	不速之约(第03集) 	25,086 	18,246 	831,822 	33.16 	25,086 	25,885 	1.03
开放高清 	火影忍者(第447集).mp4 	火影忍者(第447集) 	25,065 	14,341 	158,386 	6.32 	25,065 	7,695 	0.31
开放高清 	狙击精英：重装上阵(蓝光).mp4 	狙击精英：重装上阵(蓝光) 	24,910 	20,086 	1,032,127 	41.43 	24,910 	167,580 	6.73
开放高清 	康熙来了-20110914-跟五月天一起激情追梦吧.mp4 	康熙来了-20110914-跟五月天一起热血追梦吧 	24,775 	21,140 	885,330 	35.73 	24,775 	22,882 	0.92
开放高清 	少年赌圣.mp4 	少年赌圣 	24,606 	15,963 	765,026 	31.09 	24,385 	19,904 	0.82
开放高清 	新版水浒传(第86集).mp4 	新版水浒传(第86集) 	24,500 	16,697 	599,049 	24.45 	24,500 	24,691 	1.01
开放高清 	性在够辣.mp4 	性在够辣(复仇强奸恶魔) 	24,493 	13,532 	397,156 	16.22 	24,493 	9,630 	0.39
开放高清 	刀客外传(高清).mp4 	刀客外传(高清/释小龙何洁) 	24,188 	20,283 	1,017,946 	42.08 	24,188 	57,179 	2.36
开放高清 	叛狱风云(高清).mp4 	死亡实验(高清/叛狱风云) 	24,056 	20,644 	900,855 	37.45 	24,056 	32,257 	1.34
开放高清 	步步惊心之精彩看点-第10集：若曦骑马险遇险，八阿哥英雄救美.mp4 	步步惊心之精彩看点-第10集：若曦骑马险遇险，八阿哥英雄救美 	23,934 	18,612 	18,616 	0.78 	23,934 	1,893 	0.08
开放高清 	总决赛之夜-第一轮刘忻成为2011快乐女声季军.mp4 	总决赛之夜-第一轮刘忻成为2011快乐女声季军 	23,923 	20,812 	24,700 	1.03 	23,923 	1,770 	0.07
开放高清 	男女之战.mp4 	男女之战(性别战争) 	23,787 	14,727 	179,017 	7.53 	23,787 	4,653 	0.20
开放高清 	裸婚时代(第01集)_V2.mp4 	裸婚时代(第01集) 	23,428 	12,513 	338,584 	14.45 	23,428 	27,141 	1.16
开放高清 	奥特曼列传(第01集).mp4 	奥特曼列传(第01集) 	23,339 	12,444 	203,969 	8.74 	23,338 	14,284 	0.61
开放高清 	潘金莲.mp4 	潘金莲(红杏出墙) 	23,250 	18,146 	232,403 	10.00 	23,250 	12,379 	0.53
开放高清 	不速之约(第05集).mp4 	不速之约(第05集) 	23,026 	17,545 	824,662 	35.81 	23,026 	87,135 	3.78
开放高清 	神枪手(高清).mp4 	神枪手(高清) 	22,725 	13,099 	626,590 	27.57 	22,574 	34,210 	1.52
开放高清 	死神(第339集).mp4 	死神(第339集) 	22,615 	19,032 	369,575 	16.34 	22,615 	16,611 	0.73
开放高清 	猫和老鼠(第01集).mp4 	猫和老鼠(第01集) 	22,449 	12,212 	76,104 	3.39 	22,260 	4,680 	0.21
开放高清 	女人的香气(第01集).mp4 	女人的香气(第01集) 	22,431 	13,188 	311,947 	13.91 	22,431 	4,215 	0.19
开放高清 	单身男女(高清).mp4 	单身男女(高清/古天乐吴彦祖) 	22,391 	13,608 	602,756 	26.92 	22,373 	37,893 	1.69
开放高清 	赌神2_V1.mp4 	(1994)赌神2 	22,166 	11,221 	714,808 	32.25 	22,166 	7,142 	0.32
开放高清 	轩辕剑之天之痕之花絮-刘诗诗专访.mp4 	轩辕剑之天之痕之花絮-刘诗诗专访 	22,023 	15,619 	34,912 	1.59 	22,023 	3,572 	0.16
开放高清 	笑太极.mp4 	笑太极(甄子丹) 	21,961 	12,899 	423,722 	19.29 	21,790 	12,181 	0.56
开放高清 	不速之约(第02集).mp4 	不速之约(第02集) 	21,902 	18,041 	801,308 	36.59 	21,902 	24,366 	1.11
开放高清 	新京城四少高清(第28集).mp4 	新京城四少高清(第28集) 	21,723 	13,635 	453,827 	20.89 	21,723 	22,711 	1.05
开放高清 	一路惊心(高清).mp4 	一路惊心(高清/笨贼一箩筐) 	21,626 	18,424 	1,139,265 	52.68 	21,626 	38,078 	1.76
开放高清 	人兽杂交(高清).mp4 	人兽杂交(颤栗异种/高清) 	21,560 	11,252 	437,617 	20.30 	21,514 	31,758 	1.48
开放高清 	不速之约国语版(第03集).mp4 	不速之约国语版(第03集) 	21,493 	17,779 	766,606 	35.67 	21,493 	15,350 	0.71
开放高清 	掩护(第07集).mp4 	掩护(第07集) 	21,324 	14,944 	651,373 	30.55 	21,324 	23,197 	1.09
开放高清 	守护boss(第13集)_V1.mp4 	守护boss(第13集) 	21,322 	15,689 	911,928 	42.77 	21,322 	20,010 	0.94
开放高清 	康熙来了-20110913-演艺圈女丑的最后一搏.mp4 	康熙来了-20110913-演艺圈女丑的最后一搏 	21,124 	18,030 	762,162 	36.08 	21,124 	27,610 	1.31
开放高清 	关云长(高清)_V3.mp4 	关云长(高清/姜文甄子丹) 	21,073 	11,961 	525,613 	24.94 	21,073 	21,660 	1.03
开放高清 	城市猎人(第01集)_V2.mp4 	城市猎人(第01集) 	21,041 	11,309 	335,469 	15.94 	21,041 	15,871 	0.75
开放高清 	潮性办公室(高清).mp4 	潮性办公室(高清/爆笑舞台) 	20,944 	12,989 	513,420 	24.51 	20,944 	14,544 	0.69
开放高清 	喜羊羊与灰太狼之羊羊运动会(第01集).mp4 	喜羊羊与灰太狼之羊羊运动会(第01集) 	20,901 	11,321 	96,502 	4.62 	20,649 	6,037 	0.29
开放高清 	我爱记歌词-20110916-朱丹遭遇情感大逼供.mp4 	我爱记歌词-20110916-朱丹遭遇情感大逼供 	20,819 	16,402 	931,781 	44.76 	20,819 	52,525 	2.52
开放高清 	钢的琴(高清)_V1.mp4 	钢的琴(高清/秦海璐) 	20,663 	16,739 	1,030,157 	49.86 	20,663 	38,219 	1.85
开放高清 	新版水浒传(第85集).mp4 	新版水浒传(第85集) 	20,633 	14,675 	517,543 	25.08 	20,633 	19,233 	0.93
开放高清 	建党伟业(高清).mp4 	建党伟业(高清/百位全明星) 	20,629 	12,239 	821,716 	39.83 	20,629 	26,591 	1.29
开放高清 	[9月17日快女日报]《结束后开始前》上篇.mp4 	[9月17日]快女日报《结束后开始前》上篇 	20,620 	17,404 	55,301 	2.68 	20,620 	6,389 	0.31
开放高清 	猫和老鼠剧场版 飞向火星.mp4 	猫和老鼠剧场版_飞向火星 	20,579 	11,673 	381,413 	18.53 	20,073 	19,367 	0.96
开放高清 	安徽老太搭车意外死亡子女四拒车主赔偿-9月16日.mp4 	安徽老太搭车意外死亡_子女四拒车主赔偿-9月16日 	20,493 	16,931 	25,258 	1.23 	20,493 	1,139 	0.06
开放高清 	新版水浒传(第84集).mp4 	新版水浒传(第84集) 	20,413 	13,868 	511,429 	25.05 	20,413 	18,074 	0.89
开放高清 	非诚勿扰-20110910-第二个人法国男人.mp4 	非诚勿扰-20110910-第二个法国男人 	20,321 	16,445 	847,842 	41.72 	20,321 	44,723 	2.20
开放高清 	最爱(高清)_V3.mp4 	最爱(高清/章子怡郭富城) 	20,273 	12,027 	451,698 	22.28 	20,273 	20,483 	1.01
开放高清 	新版水浒传(第80集).mp4 	新版水浒传(第80集) 	20,238 	11,829 	440,982 	21.79 	20,238 	16,291 	0.80
开放高清 	水浒笑传.mp4 	水浒笑传(雌雄大骗) 	20,231 	12,483 	177,110 	8.75 	20,121 	7,426 	0.37
开放高清 	终极快递(高清)_V1.mp4 	终极快递(高清/速递) 	20,183 	11,658 	463,948 	22.99 	20,183 	19,868 	0.98
开放高清 	梦比优斯奥特曼(第01集).mp4 	梦比优斯奥特曼(第01集) 	20,082 	11,093 	108,145 	5.39 	20,005 	6,548 	0.33
开放高清 	[9月16日播报]总决赛冠军之夜开场曲带妆彩排.mp4 	[9月16日]总决赛冠军之夜开场曲带妆彩排 	20,069 	16,343 	59,785 	2.98 	20,069 	5,516 	0.27
开放高清 	CF-20110913-穿越火线WCG东珈VS岁月这场比赛谁敢说不精彩.mp4 	东珈_VS_岁月(这场比赛谁敢说不精彩/CH明明解说) 	19,939 	14,876 	81,602 	4.09 	19,939 	5,348 	0.27
开放高清 	新还珠格格高清(第94集).mp4 	新还珠格格高清(第94集) 	19,896 	13,737 	423,386 	21.28 	19,896 	19,817 	1.00
开放高清 	牧人的性玩偶(高清).mp4 	牧人的性玩偶(高清) 	19,858 	12,274 	343,039 	17.27 	19,858 	16,100 	0.81
开放高清 	新版水浒传(第83集).mp4 	新版水浒传(第83集) 	19,761 	13,067 	505,592 	25.59 	19,761 	18,165 	0.92
开放高清 	不速之约国语版(第05集).mp4 	不速之约国语版(第05集) 	19,713 	15,740 	663,199 	33.64 	19,713 	27,864 	1.41
开放高清 	掩护(第02集).mp4 	掩护(第02集) 	19,701 	15,382 	686,287 	34.84 	19,701 	20,784 	1.05
开放高清 	巴啦啦小魔仙(第01集).mp4 	巴啦啦小魔仙(第01集) 	19,605 	11,114 	163,956 	8.36 	19,378 	10,909 	0.56
开放高清 	新京城四少高清(第02集)_V1.mp4 	新京城四少高清(第02集) 	19,577 	11,990 	433,434 	22.14 	19,577 	18,188 	0.93
开放高清 	[9月17日快女日报]《结束后开始前》下篇.mp4 	[9月17日]快女日报《结束后开始前》下篇 	19,508 	15,207 	40,276 	2.06 	19,508 	3,723 	0.19
开放高清 	潜行狙击国语版(第30集).mp4 	潜行狙击国语版(第30集) 	19,258 	15,713 	615,797 	31.98 	19,258 	16,588 	0.86
开放高清 	掩护(第03集).mp4 	掩护(第03集) 	19,221 	14,840 	680,841 	35.42 	19,221 	19,316 	1.00
开放高清 	僵尸先生续集之僵尸家族.mp4 	僵尸先生续集之僵尸家族 	19,209 	10,592 	358,575 	18.67 	19,149 	12,507 	0.65
开放高清 	娜妲莉的情人(高清)_V1.mp4 	娜妲莉的情人(高清/娜塔莉) 	19,136 	13,374 	278,589 	14.56 	19,136 	23,294 	1.22
开放高清 	总决赛之夜-第一轮洪辰魏晨《破晓》《Umbrella》.mp4 	总决赛之夜-第一轮洪辰魏晨《破晓》《Umbrella》 	19,076 	15,936 	41,325 	2.17 	19,076 	6,304 	0.33
开放高清 	热浪球爱战(高清).mp4 	热浪球爱战(高清/胸涌来袭) 	18,973 	16,241 	610,429 	32.17 	18,973 	24,504 	1.29
开放高清 	非诚勿扰-20110903-史上最high短片.mp4 	非诚勿扰-20110903-史上最high短片 	18,860 	11,108 	429,145 	22.75 	18,860 	23,913 	1.27
开放高清 	黑势力.mp4 	黑势力(再见古惑仔) 	18,854 	10,590 	339,852 	18.03 	18,642 	11,428 	0.61
开放高清 	潜行狙击(第01集).mp4 	潜行狙击(第01集) 	18,774 	10,808 	257,148 	13.70 	18,774 	8,683 	0.46
开放高清 	潜行狙击国语版(第22集).mp4 	潜行狙击国语版(第22集) 	18,759 	11,109 	469,266 	25.02 	18,759 	13,985 	0.75
开放高清 	新还珠格格高清(第93集).mp4 	新还珠格格高清(第93集) 	18,756 	12,765 	383,481 	20.45 	18,756 	19,308 	1.03
开放高清 	新版水浒传(第02集)_V1.mp4 	新版水浒传(第02集) 	18,636 	11,410 	385,719 	20.70 	18,636 	13,815 	0.74
开放高清 	潜行狙击国语版(第21集).mp4 	潜行狙击国语版(第21集) 	18,624 	10,846 	457,913 	24.59 	18,624 	4,795 	0.26
开放高清 	我老婆是赌圣.mp4 	我老婆是赌圣(失忆赌王) 	18,532 	9,653 	591,845 	31.94 	18,444 	18,046 	0.98
开放高清 	掩护(第04集).mp4 	掩护(第04集) 	18,485 	14,107 	637,729 	34.50 	18,485 	19,901 	1.08
开放高清 	新版水浒传(第82集).mp4 	新版水浒传(第82集) 	18,475 	12,702 	483,366 	26.16 	18,475 	20,961 	1.13
开放高清 	康熙来了-20110912-女明星傻事一箩筐.mp4 	康熙来了-20110912-女明星傻事一箩筐 	18,442 	12,477 	476,634 	25.85 	18,442 	14,885 	0.81
开放高清 	新版水浒传(第77集).mp4 	新版水浒传(第77集) 	18,402 	10,633 	426,658 	23.19 	18,402 	13,346 	0.73
开放高清 	性欲熏心.mp4 	性欲熏心 	18,273 	10,903 	178,410 	9.76 	18,273 	10,069 	0.55
开放高清 	潜行狙击国语版(第25集).mp4 	潜行狙击国语版(第25集) 	18,186 	11,724 	507,755 	27.92 	18,186 	12,801 	0.70
开放高清 	出轨的女人.mp4 	出轨的女人(三角女同爱情) 	18,141 	11,478 	436,885 	24.08 	18,141 	17,790 	0.98
  	  	合计 	12,324,464 	8,002,381 	284,671,392 	23.10 	12,316,969 	15,742,210 	1.28
