开放高清 	步步惊心(第27集).mp4 	步步惊心(第27集) 	517,741 	402,761 	18,424,724 	35.59 	517,740 	1,062,206 	2.05
开放高清 	步步惊心(第26集).mp4 	步步惊心(第26集) 	515,552 	400,671 	19,779,101 	38.36 	515,552 	1,033,186 	2.00
开放高清 	爱情睡醒了(第28集).mp4 	爱情睡醒了(第28集) 	299,697 	218,634 	8,886,932 	29.65 	299,697 	655,361 	2.19
开放高清 	步步惊心(第25集).mp4 	步步惊心(第25集) 	276,655 	219,205 	7,272,127 	26.29 	276,655 	336,130 	1.21
开放高清 	爱情睡醒了(第27集).mp4 	爱情睡醒了(第27集) 	271,349 	204,253 	9,050,477 	33.35 	271,349 	641,041 	2.36
开放高清 	步步惊心(第01集).mp4 	步步惊心(第01集) 	259,633 	213,032 	3,528,990 	13.59 	259,633 	194,244 	0.75
开放高清 	出轨的女人.mp4 	出轨的女人(三角女同爱情) 	188,368 	150,434 	5,842,707 	31.02 	188,368 	223,641 	1.19
开放高清 	步步惊心(第23集).mp4 	步步惊心(第23集) 	171,150 	99,507 	3,985,901 	23.29 	171,149 	162,867 	0.95
开放高清 	步步惊心蓝光(第26集).mp4 	步步惊心蓝光(第26集) 	152,090 	120,149 	5,939,139 	39.05 	152,089 	693,952 	4.56
开放高清 	步步惊心(第24集).mp4 	步步惊心(第24集) 	150,651 	120,929 	4,506,133 	29.91 	150,648 	167,466 	1.11
开放高清 	步步惊心蓝光(第27集).mp4 	步步惊心蓝光(第27集) 	146,623 	116,221 	5,363,678 	36.58 	146,623 	628,242 	4.28
开放高清 	朋友也上床.mp4 	朋友也上床(炮友关系) 	146,113 	118,173 	4,010,136 	27.45 	146,112 	139,500 	0.95
开放高清 	爱情睡醒了(第25集).mp4 	爱情睡醒了(第25集) 	143,409 	77,531 	2,461,082 	17.16 	143,408 	127,797 	0.89
开放高清 	爱情睡醒了(第26集).mp4 	爱情睡醒了(第26集) 	137,366 	109,079 	2,908,069 	21.17 	137,366 	136,152 	0.99
开放高清 	爱情睡醒了(第01集).mp4 	爱情睡醒了(第01集) 	124,714 	101,942 	2,460,055 	19.73 	124,712 	150,465 	1.21
开放高清 	康熙来了-20110926-我们都是靠女人吃饭.mp4 	康熙来了-20110926-我们都是靠女人吃饭 	123,852 	107,536 	4,773,833 	38.54 	123,849 	171,391 	1.38
开放高清 	步步惊心(第22集).mp4 	步步惊心(第22集) 	107,662 	86,329 	3,453,943 	32.08 	107,662 	130,304 	1.21
开放高清 	非诚勿扰-20110925-乐嘉改唱童谣调侃孟非.mp4 	非诚勿扰-20110925-乐嘉改唱童谣调侃孟非 	102,263 	80,792 	4,818,595 	47.12 	102,263 	242,522 	2.37
开放高清 	万有引力(高清).mp4 	万有引力(高清/理性与肉欲间挣扎) 	96,543 	81,769 	5,090,159 	52.72 	96,543 	191,380 	1.98
开放高清 	步步惊心(第21集).mp4 	步步惊心(第21集) 	93,526 	75,155 	3,041,892 	32.52 	93,526 	111,265 	1.19
开放高清 	步步惊心蓝光(第25集).mp4 	步步惊心蓝光(第25集) 	87,421 	71,653 	2,618,220 	29.95 	87,421 	286,116 	3.27
开放高清 	稀人.mp4 	稀人 	85,766 	75,921 	940,421 	10.96 	85,763 	44,287 	0.52
开放高清 	步步惊心(第20集).mp4 	步步惊心(第20集) 	85,659 	69,361 	2,886,006 	33.69 	85,659 	103,297 	1.21
开放高清 	步步惊心(第02集).mp4 	步步惊心(第02集) 	82,815 	67,398 	2,691,477 	32.50 	82,815 	107,076 	1.29
开放高清 	步步惊心(第19集).mp4 	步步惊心(第19集) 	80,391 	64,660 	2,638,899 	32.83 	80,391 	98,624 	1.23
开放高清 	步步惊心(第18集).mp4 	步步惊心(第18集) 	78,418 	62,674 	2,593,173 	33.07 	78,418 	87,075 	1.11
开放高清 	步步惊心(第04集).mp4 	步步惊心(第04集) 	77,498 	60,011 	2,424,617 	31.29 	77,497 	89,067 	1.15
开放高清 	爱情睡醒了(第02集).mp4 	爱情睡醒了(第02集) 	77,256 	61,940 	1,890,623 	24.47 	77,254 	80,998 	1.05
开放高清 	步步惊心(第10集).mp4 	步步惊心(第10集) 	75,763 	58,655 	2,358,866 	31.13 	75,763 	88,071 	1.16
开放高清 	步步惊心高清(第03集).mp4 	步步惊心(第03集) 	75,618 	60,941 	2,540,700 	33.60 	75,617 	102,490 	1.36
开放高清 	步步惊心蓝光(第01集).mp4 	步步惊心蓝光(第01集) 	74,999 	63,979 	1,032,878 	13.77 	74,999 	141,085 	1.88
开放高清 	步步惊心(第05集).mp4 	步步惊心(第05集) 	74,467 	57,639 	2,401,169 	32.24 	74,467 	86,111 	1.16
开放高清 	步步惊心(第17集).mp4 	步步惊心(第17集) 	73,119 	58,801 	2,520,216 	34.47 	73,119 	90,213 	1.23
开放高清 	步步惊心(第16集).mp4 	步步惊心(第16集) 	72,791 	58,574 	2,504,966 	34.41 	72,791 	89,831 	1.23
开放高清 	步步惊心(第06集).mp4 	步步惊心(第06集) 	72,090 	55,701 	2,339,804 	32.46 	72,090 	87,810 	1.22
开放高清 	步步惊心(第09集).mp4 	步步惊心(第09集) 	71,990 	55,405 	2,367,118 	32.88 	71,989 	88,126 	1.22
开放高清 	步步惊心(第07集).mp4 	步步惊心(第07集) 	71,734 	55,327 	2,317,908 	32.31 	71,733 	80,585 	1.12
开放高清 	步步惊心(第13集).mp4 	步步惊心(第13集) 	71,532 	56,932 	2,373,023 	33.17 	71,532 	79,227 	1.11
开放高清 	步步惊心(第08集).mp4 	步步惊心(第08集) 	71,473 	55,145 	2,352,844 	32.92 	71,473 	83,058 	1.16
开放高清 	步步惊心(第15集).mp4 	步步惊心(第15集) 	70,136 	55,905 	2,309,505 	32.93 	70,136 	81,623 	1.16
开放高清 	步步惊心(第12集).mp4 	步步惊心(第12集) 	69,649 	55,823 	2,209,823 	31.73 	69,649 	77,251 	1.11
开放高清 	步步惊心(第14集).mp4 	步步惊心(第14集) 	69,520 	55,561 	2,364,384 	34.01 	69,520 	83,752 	1.20
开放高清 	爱情睡醒了(第24集).mp4 	爱情睡醒了(第24集) 	67,403 	53,450 	1,650,069 	24.48 	67,402 	76,131 	1.13
开放高清 	步步惊心(第11集).mp4 	步步惊心(第11集) 	67,263 	54,299 	2,239,232 	33.29 	67,263 	86,291 	1.28
开放高清 	爱情睡醒了(第23集).mp4 	爱情睡醒了(第23集) 	55,540 	44,347 	1,523,089 	27.42 	55,540 	73,418 	1.32
开放高清 	赤裸特工.mp4 	赤裸特工(床上杀手) 	53,683 	43,922 	1,676,996 	31.24 	53,551 	64,016 	1.20
开放高清 	暗访长春男同会所揭秘男子卖嫖组织内幕-9月27日.mp4 	暗访长春“男同”会所_揭秘男子卖嫖组织内幕-9月27日 	52,695 	47,804 	145,749 	2.77 	52,695 	7,704 	0.15
开放高清 	孤岛惊魂(高清)_V1.mp4 	孤岛惊魂(高清/杨幂) 	52,294 	43,976 	2,451,403 	46.88 	52,294 	100,868 	1.93
开放高清 	爱情睡醒了(第03集).mp4 	爱情睡醒了(第03集) 	50,661 	41,250 	1,575,810 	31.10 	50,661 	72,557 	1.43
开放高清 	爱情睡醒了(第22集).mp4 	爱情睡醒了(第22集) 	48,269 	39,099 	1,302,002 	26.97 	48,269 	57,900 	1.20
开放高清 	快乐大本营-20110924-赵文u与郭富城.mp4 	快乐大本营-20110924-赵文u与郭富城 	47,820 	40,072 	2,475,313 	51.76 	47,820 	122,584 	2.56
开放高清 	爱情睡醒了(第04集).mp4 	爱情睡醒了(第04集) 	46,134 	37,036 	1,407,073 	30.50 	46,134 	58,352 	1.26
开放高清 	美女私访菜-20110919-S崎爱睡醒.mp4 	美女私访菜-20110919-S崎爱睡醒 	45,539 	35,633 	137,053 	3.01 	45,539 	15,978 	0.35
开放高清 	爱情睡醒了(第21集).mp4 	爱情睡醒了(第21集) 	44,682 	36,089 	1,240,634 	27.77 	44,681 	55,431 	1.24
开放高清 	非诚勿扰-20110924-男生学腹语为爱歌唱.mp4 	非诚勿扰-20110924-男生学腹语为爱歌唱 	44,504 	35,484 	2,303,221 	51.75 	44,504 	129,463 	2.91
开放高清 	水性杨花.mp4 	水性杨花(放荡) 	44,208 	39,366 	422,255 	9.55 	44,208 	20,403 	0.46
开放高清 	爱情睡醒了(第20集).mp4 	爱情睡醒了(第20集) 	43,173 	34,786 	1,128,778 	26.15 	43,172 	55,062 	1.28
开放高清 	非常静距离-20110925-张杰谢娜幸福进行时.mp4 	非常静距离-20110925-张杰谢娜幸福进行时 	42,416 	37,245 	1,191,437 	28.09 	42,415 	46,451 	1.10
开放高清 	爱情睡醒了(第05集).mp4 	爱情睡醒了(第05集) 	42,120 	34,050 	1,316,928 	31.27 	42,120 	59,908 	1.42
开放高清 	不速之约(第11集).mp4 	不速之约(第11集) 	41,599 	33,819 	1,693,244 	40.70 	41,599 	114,415 	2.75
开放高清 	爱情睡醒了之剧组探班0415_V1.mp4 	爱情睡醒了之剧组探班0415 	40,474 	23,816 	105,064 	2.60 	40,474 	8,088 	0.20
开放高清 	爱情睡醒了(第06集).mp4 	爱情睡醒了(第06集) 	39,519 	31,850 	1,228,108 	31.08 	39,519 	55,079 	1.39
开放高清 	爱情睡醒了(第07集).mp4 	爱情睡醒了(第07集) 	39,350 	31,390 	1,155,292 	29.36 	39,349 	57,621 	1.46
开放高清 	爱情睡醒了(第16集).mp4 	爱情睡醒了(第16集) 	39,112 	30,958 	1,054,191 	26.95 	39,112 	49,620 	1.27
开放高清 	爱情睡醒了(第19集).mp4 	爱情睡醒了(第19集) 	39,021 	31,245 	1,097,646 	28.13 	39,021 	50,245 	1.29
开放高清 	新僵尸先生.mp4 	新僵尸先生(茅山道士) 	38,733 	33,565 	1,217,276 	31.43 	38,667 	22,513 	0.58
开放高清 	步步惊心蓝光(第24集).mp4 	步步惊心蓝光(第24集) 	38,567 	31,779 	1,205,927 	31.27 	38,567 	80,951 	2.10
开放高清 	爱情睡醒了(第18集).mp4 	爱情睡醒了(第18集) 	38,223 	30,690 	1,085,543 	28.40 	38,222 	58,924 	1.54
开放高清 	爱情睡醒了(第08集).mp4 	爱情睡醒了(第08集) 	38,029 	30,344 	1,098,011 	28.87 	38,028 	47,894 	1.26
开放高清 	爱情睡醒了(第10集).mp4 	爱情睡醒了(第10集) 	37,295 	30,020 	1,059,882 	28.42 	37,295 	47,084 	1.26
开放高清 	爱情睡醒了(第17集).mp4 	爱情睡醒了(第17集) 	36,996 	29,481 	1,054,273 	28.50 	36,995 	48,183 	1.30
开放高清 	爱情睡醒了(第09集).mp4 	爱情睡醒了(第09集) 	36,144 	29,059 	1,082,408 	29.95 	36,144 	50,598 	1.40
开放高清 	不速之约国语版(第11集).mp4 	不速之约国语版(第11集) 	35,781 	30,209 	1,366,373 	38.19 	35,781 	35,428 	0.99
开放高清 	爱情睡醒了(第15集).mp4 	爱情睡醒了(第15集) 	35,646 	29,029 	1,076,913 	30.21 	35,646 	58,601 	1.64
开放高清 	爱情睡醒了(第12集).mp4 	爱情睡醒了(第12集) 	35,027 	28,065 	1,019,366 	29.10 	35,025 	43,662 	1.25
开放高清 	爱情睡醒了(第13集).mp4 	爱情睡醒了(第13集) 	34,763 	27,633 	996,636 	28.67 	34,763 	43,244 	1.24
开放高清 	爱情睡醒了(第11集).mp4 	爱情睡醒了(第11集) 	34,362 	27,563 	1,005,270 	29.26 	34,362 	42,845 	1.25
开放高清 	海贼王(第516集).mp4 	海贼王(第516集) 	34,015 	29,180 	708,838 	20.84 	34,015 	27,521 	0.81
开放高清 	大学生了没-20110926-大学生爱情信箱.mp4 	大学生了没-20110926-大学生爱情信箱 	33,189 	29,981 	695,116 	20.94 	33,189 	34,961 	1.05
开放高清 	爱情睡醒了(第14集).mp4 	爱情睡醒了(第14集) 	32,797 	26,905 	949,722 	28.96 	32,797 	50,727 	1.55
开放高清 	步步惊心蓝光(第23集).mp4 	步步惊心蓝光(第23集) 	32,635 	26,717 	1,083,610 	33.20 	32,635 	77,589 	2.38
开放高清 	护国大将军(第01集).mp4 	护国大将军(第01集) 	31,189 	26,592 	480,518 	15.41 	31,189 	23,014 	0.74
开放高清 	武侠(高清).mp4 	武侠(高清/甄子丹) 	30,127 	24,991 	1,544,034 	51.25 	30,127 	55,142 	1.83
开放高清 	掩护(第25集).mp4 	掩护(第25集) 	29,690 	12,609 	542,978 	18.29 	29,690 	17,117 	0.58
开放高清 	灭绝(高清).mp4 	灭绝(高清/杀手真人秀) 	29,629 	26,846 	1,037,107 	35.00 	29,628 	38,048 	1.28
开放高清 	小资女孩向前冲(第06集).mp4 	小资女孩向前冲(第06集) 	29,139 	22,224 	1,323,052 	45.40 	29,139 	44,028 	1.51
开放高清 	佳节.mp4 	佳节(情色私生活) 	29,057 	24,815 	738,365 	25.41 	28,948 	26,692 	0.92
开放高清 	天天向上-20110923-亚洲广告花美男帅气登场.mp4 	天天向上-20110923-亚洲广告花美男帅气登场 	28,907 	24,146 	1,646,762 	56.97 	28,907 	80,145 	2.77
开放高清 	步步惊心蓝光(第22集).mp4 	步步惊心蓝光(第22集) 	28,460 	23,435 	935,679 	32.88 	28,460 	60,658 	2.13
开放高清 	步步惊心之精彩看点-35集-四爷撒若曦骨灰忆往昔.mp4 	步步惊心之精彩看点-第35集：四爷撒若曦骨灰忆往昔 	28,142 	19,944 	31,270 	1.11 	28,142 	1,784 	0.06
开放高清 	江湖最后一个大佬.mp4 	江湖最后一个大佬 	26,972 	14,095 	576,583 	21.38 	26,898 	11,512 	0.43
开放高清 	步步惊心蓝光(第21集).mp4 	步步惊心蓝光(第21集) 	25,930 	21,046 	816,920 	31.50 	25,930 	52,010 	2.01
开放高清 	白蛇传说(制作特辑：蓝屏之迷).mp4 	白蛇传说(制作特辑：蓝屏之迷) 	25,664 	24,081 	128,796 	5.02 	25,664 	7,525 	0.29
开放高清 	美女匪帮.mp4 	美女匪帮 	25,290 	22,664 	327,219 	12.94 	25,220 	13,143 	0.52
开放高清 	狙击精英：重装上阵.mp4 	狙击精英：重装上阵 	25,035 	21,247 	1,051,264 	41.99 	25,017 	22,537 	0.90
开放高清 	步步惊心蓝光(第02集).mp4 	步步惊心蓝光(第02集) 	24,178 	20,213 	765,123 	31.65 	24,178 	72,197 	2.99
开放高清 	娱乐播报-20110925-张杰谢娜婚礼众星机场云集.mp4 	娱乐播报-20110925-张杰谢娜婚礼众星机场云集 	24,110 	19,340 	81,085 	3.36 	24,110 	6,898 	0.29
开放高清 	倾世皇妃(片花).mp4 	倾世皇妃(片花) 	23,748 	21,325 	251,202 	10.58 	23,748 	4,883 	0.21
开放高清 	潘金莲.mp4 	潘金莲(红杏出墙) 	23,606 	21,225 	297,570 	12.61 	23,606 	13,421 	0.57
开放高清 	人大代表之子偷窥女生洗澡引发群殴-9月27日.mp4 	人大代表之子偷窥女生洗澡引发群殴-9月27日 	23,281 	20,980 	52,181 	2.24 	23,281 	6,863 	0.29
开放高清 	火影忍者(第449集).mp4 	火影忍者(第449集) 	23,280 	20,483 	351,960 	15.12 	23,280 	13,166 	0.57
开放高清 	铁道游击队之战后篇(第01集).mp4 	铁道游击队之战后篇(第01集) 	23,247 	18,888 	566,856 	24.38 	23,247 	24,994 	1.08
开放高清 	性与早餐.mp4 	性与早餐(婚姻和性) 	23,193 	20,600 	339,193 	14.62 	23,152 	17,029 	0.74
开放高清 	赌神.mp4 	赌神(赌王集合) 	23,176 	19,302 	1,086,128 	46.86 	22,785 	46,493 	2.04
开放高清 	步步惊心蓝光(第20集).mp4 	步步惊心蓝光(第20集) 	22,931 	18,945 	759,797 	33.13 	22,931 	49,329 	2.15
开放高清 	九江十二坊(第20集).mp4 	九江十二坊(第20集) 	22,869 	18,282 	961,336 	42.04 	22,869 	71,864 	3.14
开放高清 	财神客栈(高清).mp4 	财神客栈(高清/谢霆锋阿SA) 	22,127 	18,396 	1,028,723 	46.49 	22,127 	35,177 	1.59
开放高清 	女巫季节(蓝光).mp4 	女巫季节(蓝光) 	22,008 	18,391 	1,062,727 	48.29 	21,992 	80,783 	3.67
开放高清 	新还珠格格高清(第98集).mp4 	新还珠格格高清(第98集) 	21,798 	6,357 	179,936 	8.25 	21,798 	8,798 	0.40
开放高清 	步步惊心蓝光(第03集).mp4 	步步惊心蓝光(第03集) 	21,243 	17,657 	720,552 	33.92 	21,243 	56,086 	2.64
开放高清 	步步惊心蓝光(第19集).mp4 	步步惊心蓝光(第19集) 	21,130 	17,256 	700,158 	33.14 	21,130 	41,564 	1.97
开放高清 	曝性奴案嫌犯动机强迫女子色情表演赚钱-9月26日.mp4 	曝“性奴”案嫌犯动机_强迫女子色情表演赚钱 	21,059 	19,087 	44,384 	2.11 	21,059 	2,401 	0.11
开放高清 	步步惊心蓝光(第04集).mp4 	步步惊心蓝光(第04集) 	20,981 	17,208 	684,368 	32.62 	20,981 	50,642 	2.41
开放高清 	步步惊心蓝光(第18集).mp4 	步步惊心蓝光(第18集) 	20,679 	16,773 	694,448 	33.58 	20,679 	38,828 	1.88
开放高清 	武侠.mp4 	武侠(金城武汤唯) 	20,563 	17,708 	954,166 	46.40 	20,563 	8,771 	0.43
开放高清 	掩护(第01集).mp4 	掩护(第01集) 	20,516 	17,324 	403,479 	19.67 	20,516 	18,051 	0.88
开放高清 	宫锁心玉(第01集).mp4 	宫锁心玉(第01集) 	20,494 	9,834 	261,988 	12.78 	20,412 	22,860 	1.12
开放高清 	爱情睡醒了之精彩看点-第30集：项天骐对刘小贝深情告白.mp4 	爱情睡醒了之精彩看点-第30集：项天骐对刘小贝深情告白 	20,238 	13,375 	30,152 	1.49 	20,238 	1,868 	0.09
开放高清 	婚外初夜.mp4 	婚外初夜 	20,196 	18,115 	350,209 	17.34 	20,196 	9,239 	0.46
开放高清 	九江十二坊国语版(第20集).mp4 	九江十二坊国语版(第20集) 	20,094 	16,366 	784,101 	39.02 	20,094 	21,728 	1.08
开放高清 	一夜情.mp4 	一夜情(高清) 	19,876 	16,927 	399,693 	20.11 	19,876 	8,956 	0.45
开放高清 	步步惊心蓝光(第05集).mp4 	步步惊心蓝光(第05集) 	19,859 	16,185 	657,996 	33.13 	19,859 	44,855 	2.26
开放高清 	快乐大本营-20110917-若曦四爷卖萌耍帅.mp4 	快乐大本营-20110917-若曦四爷卖萌耍帅 	19,696 	16,432 	1,108,251 	56.27 	19,696 	49,440 	2.51
开放高清 	步步惊心蓝光(第10集).mp4 	步步惊心蓝光(第10集) 	19,506 	15,968 	620,564 	31.81 	19,506 	38,653 	1.98
开放高清 	步步惊心蓝光(第16集).mp4 	步步惊心蓝光(第16集) 	19,287 	15,668 	656,637 	34.05 	19,287 	39,878 	2.07
开放高清 	步步惊心之精彩看点-35集-若曦灵前四爷悲痛万分.mp4 	步步惊心之精彩看点-35集-若曦灵前四爷悲痛万分 	19,264 	15,080 	31,758 	1.65 	19,264 	1,756 	0.09
开放高清 	步步惊心蓝光(第08集).mp4 	步步惊心蓝光(第08集) 	19,219 	15,351 	624,695 	32.50 	19,219 	43,408 	2.26
开放高清 	步步惊心蓝光(第06集).mp4 	步步惊心蓝光(第06集) 	19,196 	15,663 	655,686 	34.16 	19,196 	47,683 	2.48
开放高清 	步步惊心蓝光(第07集).mp4 	步步惊心蓝光(第07集) 	19,165 	15,470 	648,471 	33.84 	19,165 	45,393 	2.37
开放高清 	步步惊心蓝光(第17集).mp4 	步步惊心蓝光(第17集) 	19,122 	15,578 	671,461 	35.11 	19,122 	37,915 	1.98
开放高清 	新版水浒传(第75集).mp4 	新版水浒传(第75集) 	19,046 	6,223 	229,596 	12.05 	19,046 	6,247 	0.33
开放高清 	步步惊心蓝光(第13集).mp4 	步步惊心蓝光(第13集) 	18,982 	15,338 	637,264 	33.57 	18,982 	38,726 	2.04
开放高清 	步步惊心蓝光(第14集).mp4 	步步惊心蓝光(第14集) 	18,708 	15,051 	627,263 	33.53 	18,708 	36,449 	1.95
开放高清 	康熙来了-20110923-发片歌手前辈力挺大会.mp4 	康熙来了-20110923-发片歌手前辈力挺大会 	18,706 	16,536 	624,941 	33.41 	18,706 	17,661 	0.94
开放高清 	千次的吻(第12集).mp4 	千次的吻(第12集) 	18,661 	14,738 	846,099 	45.34 	18,661 	19,630 	1.05
开放高清 	步步惊心蓝光(第09集).mp4 	步步惊心蓝光(第09集) 	18,641 	14,973 	634,814 	34.05 	18,641 	41,843 	2.24
开放高清 	张杰谢娜婚礼嘉宾名单曝光星光熠熠堪比颁奖礼.mp4 	张杰谢娜婚礼嘉宾名单曝光星光熠熠堪比颁奖礼 	18,586 	16,711 	18,705 	1.01 	18,586 	759 	0.04
开放高清 	步步惊心蓝光(第12集).mp4 	步步惊心蓝光(第12集) 	18,526 	15,058 	588,807 	31.78 	18,526 	34,850 	1.88
开放高清 	步步惊心蓝光(第15集).mp4 	步步惊心蓝光(第15集) 	18,487 	15,149 	622,784 	33.69 	18,487 	37,494 	2.03
开放高清 	订做一个她(高清).mp4 	订做一个她(高清/充气娃娃之恋) 	18,462 	16,704 	409,359 	22.17 	18,462 	24,123 	1.31
开放高清 	步步惊心之精彩看点-35集-若曦魂归变回张晓.mp4 	步步惊心之精彩看点-第35集：若曦魂归变回张晓 	18,249 	13,606 	27,190 	1.49 	18,249 	1,387 	0.08
开放高清 	步步惊心蓝光(第11集).mp4 	步步惊心蓝光(第11集) 	17,931 	14,747 	588,654 	32.83 	17,931 	37,770 	2.11
开放高清 	猿族崛起.mp4 	猿族崛起(猿人争霸战) 	17,804 	15,627 	878,365 	49.34 	17,803 	5,221 	0.29
开放高清 	动物总动员(蓝光).mp4 	动物总动员(蓝光/动物会议) 	17,637 	13,976 	485,019 	27.50 	17,637 	40,480 	2.30
开放高清 	精英部队2.mp4 	精英部队2(精锐部队2) 	17,229 	15,396 	454,142 	26.36 	17,042 	11,778 	0.69
开放高清 	铁道游击队之战后篇(第09集).mp4 	铁道游击队之战后篇(第09集) 	17,066 	8,161 	325,177 	19.05 	17,066 	21,985 	1.29
开放高清 	只是性，而没有别的.mp4 	只是性，而没有别的(最佳床友) 	17,025 	14,961 	463,743 	27.24 	17,025 	27,910 	1.64
开放高清 	国光帮帮忙-20110926-这句话到底有什么好生气的.mp4 	国光帮帮忙-20110926-这句话到底有什么好生气的 	16,767 	14,973 	573,696 	34.22 	16,767 	14,233 	0.85
开放高清 	非诚勿扰-20110918-爱谁就说谁二.mp4 	非诚勿扰-20110918-爱谁就说谁二 	16,719 	13,924 	517,722 	30.97 	16,719 	26,537 	1.59
开放高清 	实拍大学女生做小三遭原配狂闪耳光-9月27日.mp4 	【现场】实拍大学女生做小三遭原配狂扇耳光-9月27日 	16,703 	14,943 	17,250 	1.03 	16,703 	2,677 	0.16
开放高清 	不速之约国语版(第01集).mp4 	不速之约国语版(第01集) 	16,361 	14,239 	376,574 	23.02 	16,361 	8,640 	0.53
开放高清 	小资女孩向前冲(第01集)_V2.mp4 	小资女孩向前冲(第01集) 	16,286 	13,913 	461,043 	28.31 	16,286 	24,421 	1.50
开放高清 	少林僵尸.mp4 	少林僵尸 	16,028 	13,106 	616,402 	38.46 	16,006 	14,406 	0.90
开放高清 	快乐大本营-20110910-娜就杰婚吧_V1.mp4 	快乐大本营-20110910-娜就杰婚吧 	15,998 	13,701 	641,936 	40.13 	15,998 	33,509 	2.09
开放高清 	实拍公交车上最强鼻屎女旁若无人很淡定-9月27日.mp4 	实拍公交车上最强鼻屎女_旁若无人很淡定-9月27日 	15,702 	14,233 	10,808 	0.69 	15,702 	1,989 	0.13
开放高清 	房不剩防(高清).mp4 	房不剩防(高清/销魂“房事”) 	15,667 	13,950 	394,065 	25.15 	15,667 	16,759 	1.07
开放高清 	步步惊心之花絮-步步惊心ID.mp4 	步步惊心之花絮-步步惊心ID 	15,577 	12,916 	13,119 	0.84 	15,577 	1,224 	0.08
开放高清 	A片特攻队.mp4 	A片特攻队(诱惑你) 	15,427 	14,153 	154,457 	10.01 	15,408 	6,077 	0.39
开放高清 	步步惊心(36分超长片花)_V1.mp4 	步步惊心(36分超长片花) 	15,057 	12,712 	167,366 	11.12 	15,057 	9,051 	0.60
开放高清 	少年赌圣.mp4 	少年赌圣(搞笑离奇) 	15,042 	13,112 	664,238 	44.16 	14,937 	8,921 	0.60
开放高清 	步步惊心之精彩看点-34集-若曦手执木兰香消玉殒.mp4 	步步惊心之精彩看点-34集-若曦手执木兰香消玉殒 	14,931 	12,155 	26,482 	1.77 	14,931 	1,594 	0.11
开放高清 	不速之约(第10集).mp4 	不速之约(第10集) 	14,776 	12,438 	377,171 	25.53 	14,776 	13,930 	0.94
开放高清 	洛阳公安局长就性奴案道歉模拟作案过程-9月26日.mp4 	洛阳公安局长就“性奴案”道歉_模拟作案过程-9月26日 	14,406 	12,918 	43,001 	2.98 	14,406 	1,413 	0.10
开放高清 	榴莲飘飘1.mp4 	榴莲飘飘(妓女的生活) 	14,109 	12,256 	395,515 	28.03 	13,874 	13,067 	0.94
开放高清 	爱情万万岁(第22集).mp4 	爱情万万岁(第22集) 	14,081 	11,370 	607,913 	43.17 	14,081 	14,042 	1.00
开放高清 	一路惊心(高清).mp4 	一路惊心(高清/笨贼一箩筐) 	14,079 	12,251 	761,253 	54.07 	14,079 	20,323 	1.44
开放高清 	不速之约(第01集).mp4 	不速之约(第01集) 	13,971 	12,192 	261,262 	18.70 	13,971 	14,023 	1.00
开放高清 	欲蛇.mp4 	欲蛇 	13,960 	11,981 	524,179 	37.55 	13,937 	13,578 	0.97
开放高清 	张杰谢娜婚礼结束接受采访深情相拥感人至深-9月26日.mp4 	张杰谢娜婚礼结束接受采访_深情相拥感人至深-9月26日 	13,940 	11,723 	12,143 	0.87 	13,940 	998 	0.07
开放高清 	喜羊羊与灰太狼之牛气冲天.mp4 	喜羊羊与灰太狼之牛气冲天 	13,772 	10,196 	376,452 	27.33 	13,556 	15,424 	1.14
开放高清 	人兽杂交(高清).mp4 	人兽杂交(颤栗异种/高清) 	13,739 	11,746 	422,115 	30.72 	13,702 	35,041 	2.56
开放高清 	张杰谢娜婚礼细节.mp4 	张杰谢娜婚礼细节 	13,726 	10,063 	12,809 	0.93 	13,726 	687 	0.05
开放高清 	上海地铁10号线两列车追尾-9月27日.mp4 	上海地铁10号线两列车追尾-9月27日 	13,718 	11,949 	14,425 	1.05 	13,718 	1,092 	0.08
开放高清 	铁道游击队之战后篇(第07集).mp4 	铁道游击队之战后篇(第07集) 	13,636 	10,116 	426,756 	31.30 	13,636 	26,689 	1.96
开放高清 	铁道游击队之战后篇(第06集).mp4 	铁道游击队之战后篇(第06集) 	13,534 	9,857 	207,171 	15.31 	13,534 	13,218 	0.98
开放高清 	不速之约国语版(第10集).mp4 	不速之约国语版(第10集) 	13,412 	11,459 	371,305 	27.68 	13,412 	7,687 	0.57
开放高清 	爱情睡醒了之精彩看点-第29集：小贝天骐四手联弹显恩爱_V1.mp4 	爱情睡醒了之精彩看点-第29集：小贝天骐四手联弹显恩爱 	13,301 	6,631 	24,997 	1.88 	13,301 	1,849 	0.14
开放高清 	宫锁心玉(第35集).mp4 	宫锁心玉(第35集) 	13,184 	5,301 	179,577 	13.62 	13,163 	12,144 	0.92
开放高清 	非诚勿扰-20110917-IT男遭遇女嘉宾表白.mp4 	非诚勿扰-20110917-IT男遭遇女嘉宾表白 	13,170 	11,061 	479,054 	36.37 	13,170 	25,719 	1.95
开放高清 	最爱(高清)_V3.mp4 	最爱(高清/章子怡郭富城) 	13,166 	11,483 	506,499 	38.47 	13,166 	17,747 	1.35
开放高清 	张杰谢娜婚礼仪式-谢娜深情演绎《BetterMan》.mp4 	张杰谢娜婚礼仪式-谢娜深情演绎《BetterMan》 	13,043 	8,710 	22,129 	1.70 	13,043 	1,024 	0.08
开放高清 	铁道游击队之战后篇(第02集).mp4 	铁道游击队之战后篇(第02集) 	12,810 	10,573 	435,371 	33.99 	12,810 	22,379 	1.75
开放高清 	青之驱魔师(第24集).mp4 	青之驱魔师(第24集) 	12,802 	11,113 	296,097 	23.13 	12,802 	10,816 	0.84
开放高清 	美女与野兽新世纪激情篇.mp4 	美女与野兽-新世纪激情篇(野兽男孩) 	12,566 	11,017 	208,398 	16.58 	12,566 	3,468 	0.28
开放高清 	掩护(第24集).mp4 	掩护(第24集) 	12,559 	9,984 	446,387 	35.54 	12,559 	13,521 	1.08
开放高清 	深圳美女当街摸路人胸部收钱称在做慈善-9月26日.mp4 	深圳美女当街摸路人胸部收钱_称“在做慈善” 	12,467 	11,350 	13,490 	1.08 	12,467 	866 	0.07
开放高清 	铁道游击队之战后篇(第05集).mp4 	铁道游击队之战后篇(第05集) 	12,386 	9,580 	413,593 	33.39 	12,386 	22,318 	1.80
开放高清 	29名少女学生惨遭变态男刺伤胸臀-9月27日.mp4 	29名少女学生惨遭变态男刺伤胸臀-9月27日 	12,384 	8,199 	25,702 	2.08 	12,384 	1,554 	0.13
开放高清 	今年一定要嫁出去.mp4 	今年一定要嫁出去(剩女求爱记) 	12,330 	11,074 	396,636 	32.17 	12,330 	11,475 	0.93
开放高清 	直击张杰谢娜婚礼彩排现场-9月26日.mp4 	直击张杰谢娜婚礼彩排现场-9月26日 	12,299 	10,410 	43,485 	3.54 	12,299 	1,262 	0.10
开放高清 	单身男女(高清).mp4 	单身男女(高清/吴彦祖古天乐) 	12,248 	10,595 	516,319 	42.16 	12,237 	29,369 	2.40
开放高清 	笑太极.mp4 	笑太极(甄子丹) 	12,129 	10,741 	371,175 	30.60 	12,030 	9,411 	0.78
开放高清 	滑头鬼之孙-千年魔京(第13集).mp4 	滑头鬼之孙-千年魔京(第13集) 	12,056 	10,496 	191,270 	15.87 	12,056 	11,234 	0.93
开放高清 	爱情睡醒了之精彩看点-第30集：小贝受打击黯然离开.mp4 	爱情睡醒了之精彩看点-第30集：小贝受打击黯然离开 	12,043 	8,929 	17,279 	1.43 	12,043 	1,033 	0.09
开放高清 	神枪手(高清).mp4 	神枪手(敌友难分/高清) 	11,903 	10,237 	494,999 	41.59 	11,838 	25,019 	2.11
开放高清 	下女.mp4 	下女(偷情侍女全度妍) 	11,743 	10,325 	224,853 	19.15 	11,509 	10,106 	0.88
开放高清 	守护boss(第16集).mp4 	守护boss(第16集) 	11,741 	9,887 	396,595 	33.78 	11,741 	9,223 	0.79
开放高清 	肩上蝶(高清)_V1.mp4 	肩上蝶(高清/陈坤梁咏琪) 	11,692 	10,255 	419,312 	35.86 	11,692 	16,445 	1.41
开放高清 	康熙来了-20110922-明星夫妻合体舞蹈比赛(下).mp4 	康熙来了-20110922-明星夫妻合体舞蹈比赛(下) 	11,673 	10,066 	445,766 	38.19 	11,673 	14,078 	1.21
开放高清 	铁道游击队之战后篇(第04集).mp4 	铁道游击队之战后篇(第04集) 	11,645 	9,416 	396,722 	34.07 	11,645 	21,935 	1.88
  	  	合计 	9,531,119 	7,548,734 	279,043,900 	29.28 	9,528,812 	14,157,978 	1.49
