开放高清 	当婆婆遇上妈(第01集).mp4 	当婆婆遇上妈(第01集) 	175,224 	142,196 	4,443,379 	25.36 	175,224 	207,083 	1.18
开放高清 	当婆婆遇上妈(第10集).mp4 	当婆婆遇上妈(第10集) 	173,915 	126,260 	5,690,319 	32.72 	173,914 	258,135 	1.48
开放高清 	下女(高清).mp4 	下女(高清/侍女) 	155,741 	136,148 	3,142,195 	20.18 	155,740 	225,880 	1.45
开放高清 	当婆婆遇上妈(第09集).mp4 	当婆婆遇上妈(第09集) 	155,033 	121,307 	5,494,042 	35.44 	155,033 	239,570 	1.55
开放高清 	教室别恋.mp4 	教室别恋(师生畸恋) 	149,902 	128,109 	4,063,415 	27.11 	149,902 	231,689 	1.55
开放高清 	康熙来了-20111012-歌手惊人的另类才艺.mp4 	康熙来了-20111012-歌手惊人的另类才艺 	132,803 	115,760 	4,352,376 	32.77 	132,801 	141,964 	1.07
开放高清 	法证先锋3国语版(第03集).mp4 	法证先锋3国语版(第03集) 	131,002 	106,071 	5,109,259 	39.00 	131,002 	107,256 	0.82
开放高清 	法证先锋3(第01集).mp4 	法证先锋3(第01集) 	130,732 	108,268 	2,729,515 	20.88 	130,732 	128,985 	0.99
开放高清 	游戏小道花边-20111008-S崎巯娜盏男〖拍_V1.mp4 	17岁童颜巨乳夏日写真 	112,524 	89,540 	279,603 	2.48 	112,524 	30,405 	0.27
开放高清 	当婆婆遇上妈(第08集).mp4 	当婆婆遇上妈(第08集) 	107,221 	84,381 	3,369,682 	31.43 	107,220 	127,552 	1.19
开放高清 	当婆婆遇上妈(第07集).mp4 	当婆婆遇上妈(第07集) 	105,798 	79,314 	3,336,697 	31.54 	105,797 	126,893 	1.20
开放高清 	当婆婆遇上妈(第05集).mp4 	当婆婆遇上妈(第05集) 	105,461 	74,890 	3,022,513 	28.66 	105,461 	107,290 	1.02
开放高清 	当婆婆遇上妈(第02集).mp4 	当婆婆遇上妈(第02集) 	105,086 	86,517 	3,634,993 	34.59 	105,086 	139,630 	1.33
开放高清 	法证先锋3(第03集).mp4 	法证先锋3(第03集) 	104,369 	84,451 	3,928,405 	37.64 	104,369 	254,909 	2.44
开放高清 	当婆婆遇上妈(第04集).mp4 	当婆婆遇上妈(第04集) 	102,758 	78,966 	3,246,768 	31.60 	102,758 	112,509 	1.09
开放高清 	当婆婆遇上妈(第03集).mp4 	当婆婆遇上妈(第03集) 	102,493 	82,999 	3,481,158 	33.96 	102,492 	128,872 	1.26
开放高清 	当婆婆遇上妈(第06集).mp4 	当婆婆遇上妈(第06集) 	101,977 	74,629 	2,460,056 	24.12 	101,977 	86,221 	0.85
开放高清 	法证先锋3(第02集)_V1.mp4 	法证先锋3(第02集) 	100,169 	80,194 	3,619,477 	36.13 	100,168 	141,126 	1.41
开放高清 	法证先锋3国语版(第02集)_V1.mp4 	法证先锋3国语版(第02集) 	91,066 	75,307 	3,591,869 	39.44 	91,066 	67,189 	0.74
开放高清 	法证先锋3国语版(第01集).mp4 	法证先锋3国语版(第01集) 	90,344 	75,915 	2,770,613 	30.67 	90,344 	65,888 	0.73
开放高清 	万有引力(高清).mp4 	万有引力(高清/理性与肉欲间挣扎) 	89,709 	75,586 	3,367,681 	37.54 	89,709 	158,120 	1.76
开放高清 	新僵尸先生.mp4 	新僵尸先生(茅山道士) 	86,694 	74,776 	2,396,586 	27.64 	86,633 	59,317 	0.68
开放高清 	步步惊心(第01集).mp4 	步步惊心(第01集) 	79,581 	63,535 	1,290,227 	16.21 	79,581 	76,987 	0.97
开放高清 	天上人间扫黄现场视频最新曝光-10月13日.mp4 	天上人间扫黄现场视频最新曝光-10月13日 	69,707 	60,489 	80,894 	1.16 	69,707 	12,935 	0.19
开放高清 	快乐大本营-20111008-美女蔡妍李多海.mp4 	快乐大本营-美女蔡妍李多海 	69,505 	58,793 	3,028,453 	43.57 	69,500 	185,708 	2.67
开放高清 	康熙来了-20111011-康熙歌唱训练班又来了.mp4 	康熙来了-20111011-康熙歌唱训练班又来了 	67,860 	60,298 	2,255,633 	33.24 	67,859 	63,271 	0.93
开放高清 	出轨的女人.mp4 	出轨的女人(三角女同爱情) 	66,878 	53,971 	1,961,702 	29.33 	66,877 	77,101 	1.15
开放高清 	非诚勿扰-20111009-美国专场女嘉宾都是高学历.mp4 	非诚勿扰-20111009-美国专场女嘉宾都是高学历 	63,561 	50,370 	3,001,520 	47.22 	63,558 	159,420 	2.51
开放高清 	万有引力(蓝光).mp4 	万有引力(蓝光/理性与肉欲间挣扎) 	59,909 	52,683 	1,683,613 	28.10 	59,909 	264,501 	4.42
开放高清 	游戏小道花边-20111013-矶山沙也加和川村由纪惠.mp4 	日系巨乳少女室内清凉肉搏 	55,072 	46,516 	140,878 	2.56 	55,071 	18,245 	0.33
开放高清 	当婆婆遇上妈(第11集).mp4 	当婆婆遇上妈(第11集) 	49,502 	38,879 	1,582,463 	31.97 	49,502 	431,708 	8.72
开放高清 	步步惊心(第35集).mp4 	步步惊心(第35集) 	48,639 	39,307 	1,620,297 	33.31 	48,639 	79,423 	1.63
开放高清 	全球热恋(高清).mp4 	全球热恋(高清/桂纶镁郭富城) 	44,808 	38,154 	2,440,083 	54.46 	44,808 	66,788 	1.49
开放高清 	荃加福禄寿探案(第07集).mp4 	荃加福禄寿探案(第07集) 	39,616 	31,023 	1,592,653 	40.20 	39,616 	73,408 	1.85
开放高清 	曼谷重击(高清).mp4 	曼谷重击(高清/玩命KO) 	38,735 	34,562 	1,016,941 	26.25 	38,735 	100,371 	2.59
开放高清 	倾世皇妃预告片111001.mp4 	倾世皇妃预告片111001 	38,528 	33,985 	34,989 	0.91 	38,528 	4,968 	0.13
开放高清 	孤岛惊魂(高清)_V1.mp4 	孤岛惊魂(高清/杨幂) 	38,257 	32,072 	1,621,040 	42.37 	38,257 	73,235 	1.91
开放高清 	人大女生裸模苏紫紫最新写真水缸内全裸沉溺-10月13日.mp4 	人大女生裸模苏紫紫最新写真_水缸内全裸沉溺-10月13日 	37,671 	33,495 	25,575 	0.68 	37,671 	3,236 	0.09
开放高清 	死神(第343集).mp4 	死神(第343集) 	37,668 	32,542 	670,783 	17.81 	37,668 	21,841 	0.58
开放高清 	非常了得-20111012-男生妖娆舞步逗老郭_V1.mp4 	非常了得-20111012-男生妖娆舞步逗老郭 	37,262 	32,458 	1,332,298 	35.75 	37,261 	56,340 	1.51
开放高清 	热浪球爱战(高清).mp4 	热浪球爱战(高清/胸涌来袭) 	36,111 	32,709 	677,037 	18.75 	36,111 	30,571 	0.85
开放高清 	爱情睡醒了(第40集).mp4 	爱情睡醒了(第40集) 	35,590 	28,381 	1,113,412 	31.28 	35,588 	51,325 	1.44
开放高清 	步步惊心(第34集).mp4 	步步惊心(第34集) 	35,011 	28,536 	1,191,317 	34.03 	35,011 	45,333 	1.29
开放高清 	赤裸特工.mp4 	赤裸特工 	34,618 	28,512 	1,155,322 	33.37 	34,519 	43,664 	1.26
开放高清 	当婆婆遇上妈(第12集).mp4 	当婆婆遇上妈(第12集) 	34,539 	28,204 	1,056,535 	30.59 	34,539 	312,166 	9.04
开放高清 	我是真的(第10集)_V1.mp4 	我是真的(第10集) 	33,890 	22,814 	958,282 	28.28 	33,890 	47,068 	1.39
开放高清 	爱情睡醒了(第01集).mp4 	爱情睡醒了(第01集) 	33,264 	27,173 	593,975 	17.86 	33,264 	35,001 	1.05
开放高清 	婚外初夜.mp4 	婚外初夜 	32,621 	28,507 	598,346 	18.34 	32,621 	13,337 	0.41
开放高清 	我是真的(第01集)_V1.mp4 	我是真的(第01集) 	32,533 	26,993 	536,489 	16.49 	32,533 	30,728 	0.94
开放高清 	武侠(高清).mp4 	武侠(高清/甄子丹) 	32,302 	26,875 	1,414,403 	43.79 	32,302 	57,022 	1.77
开放高清 	爱情睡醒了(第25集).mp4 	爱情睡醒了(第25集) 	32,188 	17,996 	659,844 	20.50 	32,188 	26,315 	0.82
开放高清 	步步惊心(第25集).mp4 	步步惊心(第25集) 	32,076 	25,325 	1,056,972 	32.95 	32,076 	37,355 	1.16
开放高清 	小资女孩向前冲(第08集).mp4 	小资女孩向前冲(第08集) 	32,052 	24,197 	1,286,069 	40.12 	32,052 	39,733 	1.24
开放高清 	步步惊心(第26集).mp4 	步步惊心(第26集) 	31,905 	25,154 	1,054,468 	33.05 	31,905 	33,423 	1.05
开放高清 	荃加福禄寿探案国语版(第07集).mp4 	荃加福禄寿探案国语版(第07集) 	31,773 	25,565 	1,266,473 	39.86 	31,773 	22,819 	0.72
开放高清 	天津裸女爬高压电塔遭电击疑有精神疾病-10月12日.mp4 	天津裸女爬高压电塔遭电击_疑有精神疾病 	31,645 	26,776 	5,789 	0.18 	31,645 	1,246 	0.04
开放高清 	步步惊心(第33集).mp4 	步步惊心(第33集) 	31,609 	25,656 	1,114,495 	35.26 	31,609 	37,038 	1.17
开放高清 	步步惊心(第02集).mp4 	步步惊心(第02集) 	31,347 	25,192 	979,748 	31.25 	31,347 	44,571 	1.42
开放高清 	步步惊心(第27集).mp4 	步步惊心(第27集) 	31,347 	24,856 	1,037,428 	33.09 	31,347 	34,019 	1.09
开放高清 	步步惊心(第28集).mp4 	步步惊心(第28集) 	31,145 	24,961 	1,034,061 	33.20 	31,144 	35,326 	1.13
开放高清 	非诚勿扰-20111008-小眼男遭女方大胆告白.mp4 	非诚勿扰-20111008-小眼男遭女方大胆告白 	31,053 	24,694 	1,543,669 	49.71 	31,053 	83,361 	2.68
开放高清 	步步惊心(第29集).mp4 	步步惊心(第29集) 	31,019 	24,958 	1,111,867 	35.84 	31,019 	34,307 	1.11
开放高清 	步步惊心(第30集).mp4 	步步惊心(第30集) 	30,825 	24,990 	1,102,801 	35.78 	30,825 	35,926 	1.17
开放高清 	步步惊心(第32集).mp4 	步步惊心(第32集) 	30,787 	24,835 	1,051,815 	34.16 	30,787 	36,728 	1.19
开放高清 	我是真的(第09集)_V1.mp4 	我是真的(第09集) 	30,708 	23,274 	1,039,867 	33.86 	30,708 	46,221 	1.51
开放高清 	荃加福禄寿探案(第06集)_V1.mp4 	荃加福禄寿探案(第06集) 	30,528 	24,326 	1,186,576 	38.87 	30,528 	51,811 	1.70
开放高清 	水性杨花.mp4 	水性杨花(放荡) 	30,501 	27,366 	288,317 	9.45 	30,501 	14,783 	0.48
开放高清 	步步惊心(第31集).mp4 	步步惊心(第31集) 	30,445 	24,654 	1,056,138 	34.69 	30,445 	37,576 	1.23
开放高清 	国光帮帮忙-20111012-老婆我就是要做这件事.mp4 	国光帮帮忙-20111012-老婆我就是要做这件事 	29,164 	24,944 	1,083,548 	37.15 	29,164 	24,046 	0.82
开放高清 	逃.mp4 	逃(二爷,你床上功夫真棒!) 	29,090 	25,915 	484,074 	16.64 	29,090 	19,037 	0.65
开放高清 	江湖最后一个大佬.mp4 	江湖最后一个大佬(周星驰) 	29,006 	15,488 	652,380 	22.49 	28,964 	13,150 	0.45
开放高清 	步步惊心(第24集).mp4 	步步惊心(第24集) 	28,467 	22,829 	1,002,101 	35.20 	28,467 	29,784 	1.05
开放高清 	步步惊心(第04集).mp4 	步步惊心(第04集) 	28,343 	21,952 	895,920 	31.61 	28,343 	37,007 	1.31
开放高清 	步步惊心(第21集).mp4 	步步惊心(第21集) 	28,294 	22,597 	965,314 	34.12 	28,294 	29,768 	1.05
开放高清 	步步惊心(第18集).mp4 	步步惊心(第18集) 	28,093 	22,275 	939,956 	33.46 	28,093 	28,778 	1.02
开放高清 	步步惊心(第10集).mp4 	步步惊心(第10集) 	28,081 	21,333 	884,291 	31.49 	28,081 	31,866 	1.13
开放高清 	步步惊心高清(第03集).mp4 	步步惊心(第03集) 	28,067 	22,525 	926,062 	32.99 	28,067 	40,329 	1.44
开放高清 	步步惊心(第23集).mp4 	步步惊心(第23集) 	28,030 	22,398 	964,190 	34.40 	28,030 	31,012 	1.11
开放高清 	步步惊心(第08集).mp4 	步步惊心(第08集) 	27,925 	21,111 	893,835 	32.01 	27,925 	32,379 	1.16
开放高清 	步步惊心(第22集).mp4 	步步惊心(第22集) 	27,858 	22,489 	971,431 	34.87 	27,858 	29,553 	1.06
开放高清 	狼牙.mp4 	狼牙 	27,718 	13,651 	723,236 	26.09 	27,704 	26,543 	0.96
开放高清 	步步惊心(第07集).mp4 	步步惊心(第07集) 	27,707 	21,020 	886,947 	32.01 	27,707 	31,216 	1.13
开放高清 	步步惊心(第05集).mp4 	步步惊心(第05集) 	27,656 	21,417 	886,715 	32.06 	27,656 	35,210 	1.27
开放高清 	步步惊心(第06集).mp4 	步步惊心(第06集) 	27,574 	21,109 	880,485 	31.93 	27,574 	34,590 	1.25
开放高清 	步步惊心(第20集).mp4 	步步惊心(第20集) 	27,489 	22,332 	960,003 	34.92 	27,489 	29,261 	1.06
开放高清 	步步惊心(第09集).mp4 	步步惊心(第09集) 	27,378 	20,938 	914,396 	33.40 	27,378 	33,127 	1.21
开放高清 	步步惊心(第19集).mp4 	步步惊心(第19集) 	27,374 	21,823 	923,657 	33.74 	27,374 	30,302 	1.11
开放高清 	步步惊心(第16集).mp4 	步步惊心(第16集) 	27,045 	21,573 	937,127 	34.65 	27,045 	29,779 	1.10
开放高清 	素食主义者.mp4 	素食主义者(欲望自拍) 	26,845 	24,231 	345,276 	12.86 	26,844 	16,717 	0.62
开放高清 	尖叫的女妖.mp4 	尖叫的女妖(尖叫杀人) 	26,832 	24,161 	508,208 	18.94 	26,832 	6,213 	0.23
开放高清 	爱情睡醒了(第39集).mp4 	爱情睡醒了(第39集) 	26,823 	21,457 	864,655 	32.24 	26,823 	33,882 	1.26
开放高清 	步步惊心(第17集).mp4 	步步惊心(第17集) 	26,678 	21,438 	933,243 	34.98 	26,678 	31,068 	1.16
开放高清 	步步惊心(第13集).mp4 	步步惊心(第13集) 	26,368 	20,914 	904,238 	34.29 	26,368 	34,192 	1.30
开放高清 	步步惊心(第12集).mp4 	步步惊心(第12集) 	26,252 	20,841 	852,801 	32.49 	26,252 	31,675 	1.21
开放高清 	步步惊心(第14集).mp4 	步步惊心(第14集) 	26,238 	20,499 	887,982 	33.84 	26,238 	32,970 	1.26
开放高清 	步步惊心(第15集).mp4 	步步惊心(第15集) 	25,952 	20,605 	875,862 	33.75 	25,952 	32,696 	1.26
开放高清 	爱情睡醒了(第38集).mp4 	爱情睡醒了(第38集) 	25,851 	20,436 	797,538 	30.85 	25,851 	30,299 	1.17
开放高清 	旺角半熟少女.mp4 	旺角半熟少女(肉体堕落) 	25,740 	23,172 	453,817 	17.63 	25,739 	12,636 	0.49
开放高清 	步步惊心(第11集).mp4 	步步惊心(第11集) 	25,365 	20,363 	853,289 	33.64 	25,365 	32,178 	1.27
开放高清 	我们约会吧-20111011-刘婷婷谢良根牵手成功.mp4 	我们约会吧-20111011-刘婷婷谢良根牵手成功 	25,358 	21,024 	1,121,674 	44.23 	25,358 	55,765 	2.20
开放高清 	爱情睡醒了(第37集).mp4 	爱情睡醒了(第37集) 	24,706 	19,745 	773,938 	31.33 	24,706 	27,603 	1.12
开放高清 	7号差馆(高清).mp4 	7号差馆(高清/连环少女奸杀案) 	24,579 	21,586 	633,392 	25.77 	24,579 	40,163 	1.63
开放高清 	爱情睡醒了(第33集).mp4 	爱情睡醒了(第33集) 	24,515 	19,248 	756,928 	30.88 	24,515 	30,560 	1.25
开放高清 	爱情睡醒了(第32集).mp4 	爱情睡醒了(第32集) 	24,330 	18,912 	722,163 	29.68 	24,330 	27,782 	1.14
开放高清 	女巫季节(蓝光).mp4 	女巫季节(蓝光) 	24,272 	20,505 	720,605 	29.69 	24,268 	69,129 	2.85
开放高清 	爱情睡醒了(第36集).mp4 	爱情睡醒了(第36集) 	24,227 	19,289 	767,118 	31.66 	24,227 	25,995 	1.07
开放高清 	佳节.mp4 	佳节(情色私生活) 	23,622 	20,147 	599,707 	25.39 	23,556 	21,809 	0.93
开放高清 	火影忍者(第451集).mp4 	火影忍者(第451集) 	23,613 	20,523 	305,271 	12.93 	23,612 	11,896 	0.50
开放高清 	爱情睡醒了(第31集).mp4 	爱情睡醒了(第31集) 	23,555 	18,576 	715,232 	30.36 	23,555 	29,177 	1.24
开放高清 	爱情睡醒了(第35集).mp4 	爱情睡醒了(第35集) 	23,514 	18,875 	725,056 	30.84 	23,514 	28,195 	1.20
开放高清 	倾世皇妃预告片.mp4 	倾世皇妃预告片 	23,318 	20,743 	84,126 	3.61 	23,318 	3,806 	0.16
开放高清 	荃加福禄寿探案国语版(第06集)_V1.mp4 	荃加福禄寿探案国语版(第06集) 	23,292 	19,093 	878,419 	37.71 	23,292 	15,805 	0.68
开放高清 	爱情睡醒了(第34集).mp4 	爱情睡醒了(第34集) 	23,287 	18,522 	717,324 	30.80 	23,287 	26,218 	1.13
开放高清 	爱情睡醒了(第30集).mp4 	爱情睡醒了(第30集) 	22,950 	18,243 	722,430 	31.48 	22,950 	35,158 	1.53
开放高清 	市民警察69.mp4 	市民警察69(魅惑女警官) 	22,803 	20,792 	425,017 	18.64 	22,803 	24,831 	1.09
开放高清 	爱情睡醒了(第28集).mp4 	爱情睡醒了(第28集) 	22,765 	18,023 	682,942 	30.00 	22,765 	27,073 	1.19
开放高清 	爱情睡醒了(第29集).mp4 	爱情睡醒了(第29集) 	22,593 	17,491 	697,232 	30.86 	22,593 	27,498 	1.22
开放高清 	美女匪帮.mp4 	美女匪帮 	22,503 	20,288 	309,289 	13.74 	22,456 	12,241 	0.55
开放高清 	爱情睡醒了(第26集).mp4 	爱情睡醒了(第26集) 	22,413 	17,685 	673,778 	30.06 	22,413 	25,951 	1.16
开放高清 	爱情睡醒了(第27集).mp4 	爱情睡醒了(第27集) 	22,007 	17,557 	678,203 	30.82 	22,007 	26,255 	1.19
开放高清 	海贼王(第518集).mp4 	海贼王(第518集) 	21,968 	18,632 	350,514 	15.96 	21,968 	19,555 	0.89
开放高清 	荃加福禄寿探案(第01集).mp4 	荃加福禄寿探案(第01集) 	21,534 	18,865 	400,617 	18.60 	21,534 	19,612 	0.91
开放高清 	赌神.mp4 	赌神(赌王集合) 	21,502 	18,108 	1,050,622 	48.86 	21,181 	48,953 	2.31
开放高清 	长春高中生因打球纠纷被砍死肇事方已被控-10月13日.mp4 	长春高中生因打球纠纷被砍死_肇事方已被控-10月13日 	21,423 	19,555 	42,517 	1.98 	21,422 	3,267 	0.15
开放高清 	毒岛(高清).mp4 	毒岛(高清) 	21,397 	18,529 	952,174 	44.50 	21,397 	51,945 	2.43
开放高清 	血战沙漠.mp4 	血战沙漠(阿富汗战争) 	21,351 	18,343 	751,436 	35.19 	21,351 	15,651 	0.73
开放高清 	爱情睡醒了(第24集).mp4 	爱情睡醒了(第24集) 	21,057 	16,632 	641,682 	30.47 	21,057 	25,002 	1.19
开放高清 	诊所惊魂(高清).mp4 	诊所惊魂(高清/诊所) 	20,718 	18,051 	575,759 	27.79 	20,718 	30,130 	1.45
开放高清 	爱情睡醒了(第23集).mp4 	爱情睡醒了(第23集) 	20,549 	16,282 	640,409 	31.16 	20,549 	26,204 	1.28
开放高清 	性感女模走秀内裤不慎脱落出糗-9月30日.mp4 	性感女模走秀内裤不慎脱落出糗-9月30日 	20,535 	18,052 	22,244 	1.08 	20,535 	1,631 	0.08
开放高清 	大学生了没-20111012-大学生还在玩社团吗_V1.mp4 	大学生了没-20111012-大学生还在玩社团吗 	20,481 	18,813 	320,938 	15.67 	20,481 	16,757 	0.82
开放高清 	我是真的(第08集)_V1.mp4 	我是真的(第08集) 	20,338 	15,395 	585,457 	28.79 	20,338 	25,600 	1.26
开放高清 	猿族崛起.mp4 	猿族崛起(猿人争霸战) 	20,326 	17,600 	1,041,628 	51.25 	20,325 	7,100 	0.35
开放高清 	财神客栈(高清).mp4 	财神客栈(高清/谢霆锋阿SA) 	20,232 	16,813 	975,861 	48.23 	20,232 	39,858 	1.97
开放高清 	潘金莲.mp4 	潘金莲(红杏出墙) 	20,226 	18,066 	241,957 	11.96 	20,226 	12,200 	0.60
开放高清 	灰姑娘的故事3.mp4 	灰姑娘的故事3(我要当明星) 	20,200 	18,040 	590,283 	29.22 	20,199 	27,459 	1.36
开放高清 	爱情睡醒了(第22集).mp4 	爱情睡醒了(第22集) 	19,864 	15,832 	619,067 	31.17 	19,864 	23,087 	1.16
开放高清 	美女与野兽新世纪激情篇.mp4 	美女与野兽-新世纪激情篇(野兽男孩) 	19,810 	17,499 	373,904 	18.87 	19,810 	5,761 	0.29
开放高清 	爱情睡醒了(第20集).mp4 	爱情睡醒了(第20集) 	19,773 	15,676 	587,613 	29.72 	19,773 	23,955 	1.21
开放高清 	爱情睡醒了(第16集).mp4 	爱情睡醒了(第16集) 	19,656 	15,216 	565,749 	28.78 	19,656 	24,483 	1.25
开放高清 	爱情睡醒了(第21集).mp4 	爱情睡醒了(第21集) 	19,473 	15,613 	601,807 	30.90 	19,473 	23,958 	1.23
开放高清 	肩上蝶(高清)_V1.mp4 	肩上蝶(高清/陈坤梁咏琪) 	19,228 	17,235 	546,239 	28.41 	19,228 	21,648 	1.13
开放高清 	TVBS哈新闻-20111012-少女时代素颜曝光眼小眉淡五官浅.mp4 	TVBS哈新闻-20111012-少女时代素颜曝光眼小眉淡五官浅 	19,212 	17,479 	234,353 	12.20 	19,212 	13,081 	0.68
开放高清 	康熙来了-20111010-明星拍戏必备小物.mp4 	康熙来了-20111010-明星拍戏必备小物 	19,113 	17,049 	768,032 	40.18 	19,113 	19,100 	1.00
开放高清 	爱情睡醒了(第19集).mp4 	爱情睡醒了(第19集) 	18,982 	14,973 	571,311 	30.10 	18,982 	22,563 	1.19
开放高清 	小资女孩向前冲(第01集)_V2.mp4 	小资女孩向前冲(第01集) 	18,907 	15,477 	622,132 	32.90 	18,907 	31,223 	1.65
开放高清 	性与早餐.mp4 	性与早餐(婚姻和性) 	18,891 	16,772 	277,346 	14.68 	18,835 	11,551 	0.61
开放高清 	爱情睡醒了(第18集).mp4 	爱情睡醒了(第18集) 	18,560 	14,802 	576,010 	31.04 	18,560 	25,929 	1.40
开放高清 	爱情睡醒了(第17集).mp4 	爱情睡醒了(第17集) 	18,356 	14,494 	561,497 	30.59 	18,356 	21,756 	1.19
开放高清 	狙击精英：重装上阵.mp4 	狙击精英：重装上阵 	18,139 	15,373 	705,789 	38.91 	18,129 	17,638 	0.97
开放高清 	禁果(偷尝禁果后的忏悔).mp4 	禁果(偷尝禁果后的忏悔) 	17,975 	16,180 	100,010 	5.56 	17,975 	6,892 	0.38
开放高清 	少林僵尸.mp4 	少林僵尸(魔幻界) 	17,895 	14,568 	708,504 	39.59 	17,864 	18,796 	1.05
开放高清 	天天向上-20111007-双生少女成长记.mp4 	天天向上-20111007-双生少女成长记 	17,856 	15,329 	893,072 	50.02 	17,856 	45,222 	2.53
开放高清 	说出你的故事-20111012-孙俪成长记.mp4 	说出你的故事-20111012-孙俪成长记 	17,599 	15,512 	445,729 	25.33 	17,599 	21,046 	1.20
开放高清 	爱情睡醒了(第02集).mp4 	爱情睡醒了(第02集) 	17,595 	14,097 	514,221 	29.23 	17,595 	19,730 	1.12
开放高清 	爱情睡醒了(第15集).mp4 	爱情睡醒了(第15集) 	17,527 	14,275 	547,972 	31.26 	17,527 	27,135 	1.55
开放高清 	我是真的(第07集)_V1.mp4 	我是真的(第07集) 	16,993 	13,590 	563,827 	33.18 	16,993 	19,905 	1.17
开放高清 	当婆婆遇上妈(片花).mp4 	当婆婆遇上妈(片花) 	16,666 	13,706 	212,520 	12.75 	16,666 	10,644 	0.64
开放高清 	爱情睡醒了(第13集).mp4 	爱情睡醒了(第13集) 	16,633 	13,206 	502,001 	30.18 	16,632 	20,036 	1.20
开放高清 	爱情睡醒了(第12集).mp4 	爱情睡醒了(第12集) 	16,542 	13,135 	503,795 	30.46 	16,542 	20,569 	1.24
开放高清 	国光帮帮忙-20111011-还记得我吗之夜店正妹来卸妆.mp4 	国光帮帮忙-20111011-还记得我吗之夜店正妹来卸妆 	16,527 	14,571 	751,562 	45.47 	16,527 	13,905 	0.84
开放高清 	少年赌圣.mp4 	少年赌圣(搞笑离奇) 	16,394 	14,009 	726,038 	44.29 	16,280 	11,784 	0.72
开放高清 	客户名单.mp4 	客户名单 	16,195 	14,238 	453,348 	27.99 	16,170 	15,595 	0.96
开放高清 	爱情睡醒了(第10集).mp4 	爱情睡醒了(第10集) 	16,193 	12,927 	493,501 	30.48 	16,193 	19,771 	1.22
开放高清 	爱情睡醒了(第14集).mp4 	爱情睡醒了(第14集) 	16,033 	13,014 	484,758 	30.24 	16,033 	24,219 	1.51
开放高清 	一夜情.mp4 	一夜情(高清) 	15,777 	13,582 	332,483 	21.07 	15,777 	8,106 	0.51
开放高清 	荃加福禄寿探案国语版(第01集).mp4 	荃加福禄寿探案国语版(第01集) 	15,768 	13,917 	343,040 	21.76 	15,768 	8,666 	0.55
开放高清 	朋友也上床.mp4 	朋友也上床(炮友关系) 	15,741 	13,684 	463,425 	29.44 	15,741 	13,319 	0.85
开放高清 	爱情睡醒了(第03集).mp4 	爱情睡醒了(第03集) 	15,719 	12,668 	473,667 	30.13 	15,719 	21,246 	1.35
开放高清 	爱情睡醒了(第11集).mp4 	爱情睡醒了(第11集) 	15,684 	12,596 	476,763 	30.40 	15,684 	18,902 	1.21
开放高清 	爱情睡醒了(第08集).mp4 	爱情睡醒了(第08集) 	15,640 	12,513 	469,773 	30.04 	15,640 	19,387 	1.24
开放高清 	爱情睡醒了(第09集).mp4 	爱情睡醒了(第09集) 	15,631 	12,504 	484,321 	30.98 	15,631 	20,915 	1.34
开放高清 	爱情睡醒了(第07集).mp4 	爱情睡醒了(第07集) 	15,562 	12,378 	464,238 	29.83 	15,562 	20,471 	1.32
开放高清 	小资女孩向前冲(第07集)_V1.mp4 	小资女孩向前冲(第07集) 	15,478 	11,847 	614,734 	39.72 	15,478 	27,363 	1.77
开放高清 	跟踪孔令学(高清)_V3.mp4 	跟踪孔令学(高清/范伟) 	15,447 	13,762 	394,017 	25.51 	15,446 	14,089 	0.91
开放高清 	爱情睡醒了(第04集).mp4 	爱情睡醒了(第04集) 	15,445 	12,414 	462,509 	29.95 	15,445 	19,408 	1.26
开放高清 	我是真的(第06集)_V1.mp4 	我是真的(第06集) 	15,424 	12,128 	490,739 	31.82 	15,424 	15,208 	0.99
开放高清 	荃加福禄寿探案(第05集).mp4 	荃加福禄寿探案(第05集) 	15,307 	12,635 	519,266 	33.92 	15,307 	20,396 	1.33
开放高清 	A片特攻队.mp4 	A片特攻队(诱惑你) 	15,255 	13,969 	161,606 	10.59 	15,233 	6,536 	0.43
开放高清 	倾世皇妃(片花).mp4 	倾世皇妃高清片花 	15,210 	12,954 	108,715 	7.15 	15,210 	2,787 	0.18
开放高清 	爱情睡醒了(第05集).mp4 	爱情睡醒了(第05集) 	15,178 	12,131 	466,741 	30.75 	15,178 	19,124 	1.26
开放高清 	爱情睡醒了(第06集).mp4 	爱情睡醒了(第06集) 	14,934 	12,065 	466,533 	31.24 	14,934 	17,496 	1.17
开放高清 	喜羊羊与灰太狼之牛气冲天.mp4 	喜羊羊与灰太狼之牛气冲天 	14,822 	10,912 	411,315 	27.75 	14,666 	15,214 	1.04
开放高清 	不屈的儿媳(第87集).mp4 	不屈的儿媳(第87集) 	14,639 	11,923 	438,784 	29.97 	14,639 	10,441 	0.71
开放高清 	宫锁心玉(第01集).mp4 	宫锁心玉(第01集) 	14,624 	7,910 	215,251 	14.72 	14,549 	18,882 	1.30
开放高清 	翻转.mp4 	翻转(美国最新动作片) 	14,587 	13,316 	329,397 	22.58 	14,587 	8,570 	0.59
开放高清 	游戏小道花边-20110926-张婉悠全裸出镜.mp4 	[美女]_张婉悠全裸出镜 	14,515 	12,932 	63,981 	4.41 	14,515 	6,360 	0.44
开放高清 	步步惊心蓝光(第01集).mp4 	步步惊心蓝光(第01集) 	14,494 	12,477 	214,539 	14.80 	14,494 	28,575 	1.97
开放高清 	侦探小说(第01集)_V1.mp4 	侦探小说(第01集) 	14,481 	12,485 	288,510 	19.92 	14,481 	16,507 	1.14
开放高清 	触目惊心.mp4 	触目惊心(任达华) 	14,442 	12,836 	350,916 	24.30 	14,442 	20,630 	1.43
开放高清 	爱情连连看-20111011-黄云伍林子牵手成功.mp4 	爱情连连看-20111011-黄云伍林子牵手成功 	14,300 	11,293 	675,029 	47.20 	14,298 	35,816 	2.50
开放高清 	年薪十万妙龄女子当街高调征婚引市民围观-10月13日.mp4 	年薪十万妙龄女子当街高调征婚引市民围观-10月13日 	14,239 	13,126 	20,228 	1.42 	14,239 	1,672 	0.12
开放高清 	积奇玛莉.mp4 	积奇玛莉(搞笑双警花) 	14,018 	12,453 	351,545 	25.08 	14,005 	16,083 	1.15
开放高清 	精英部队2.mp4 	精英部队2(精锐部队2) 	13,896 	12,478 	359,813 	25.89 	13,686 	9,870 	0.72
开放高清 	绝不认输(第15集).mp4 	绝不认输(第15集) 	13,880 	11,348 	639,718 	46.09 	13,880 	13,722 	0.99
开放高清 	我是真的(第05集)_V1.mp4 	我是真的(第05集) 	13,849 	11,240 	475,636 	34.34 	13,849 	19,658 	1.42
开放高清 	笑太极.mp4 	笑太极(甄子丹) 	13,788 	12,106 	438,652 	31.81 	13,694 	10,614 	0.78
开放高清 	武侠.mp4 	武侠(金城武汤唯) 	13,781 	11,947 	575,274 	41.74 	13,781 	6,946 	0.50
开放高清 	若得平安.mp4 	若得平安 	13,763 	12,334 	205,777 	14.95 	13,763 	10,105 	0.73
开放高清 	性欲熏心.mp4 	性欲熏心 	13,739 	12,199 	223,347 	16.26 	13,739 	8,169 	0.59
  	  	合计 	7,175,218 	5,847,583 	208,010,666 	28.99 	7,173,725 	9,202,074 	1.28
