开放高清 	窃听风云2(高清)_V1.mp4 	窃听风云2(高清/古天乐吴彦祖) 	214,622 	172,024 	13,031,261 	60.72 	214,621 	656,943 	3.06
开放高清 	当婆婆遇上妈(第12集).mp4 	当婆婆遇上妈(第12集) 	181,761 	132,798 	6,054,175 	33.31 	181,761 	286,513 	1.58
开放高清 	当婆婆遇上妈(第11集).mp4 	当婆婆遇上妈(第11集) 	171,000 	129,429 	6,047,893 	35.37 	171,000 	266,078 	1.56
开放高清 	当婆婆遇上妈(第01集).mp4 	当婆婆遇上妈(第01集) 	150,736 	122,238 	3,743,581 	24.84 	150,735 	181,575 	1.20
开放高清 	游戏小道花边-20111013-矶山沙也加和川村由纪惠.mp4 	日系巨乳少女室内清凉肉搏 	143,043 	117,594 	360,311 	2.52 	143,043 	39,375 	0.28
开放高清 	法证先锋3国语版(第04集).mp4 	法证先锋3国语版(第04集) 	138,972 	106,448 	5,424,627 	39.03 	138,972 	141,133 	1.02
开放高清 	出轨的女人.mp4 	出轨的女人(三角女同爱情) 	129,080 	105,370 	3,533,075 	27.37 	129,080 	143,694 	1.11
开放高清 	康熙来了-20111013-棒棒堂大战胖胖堂.mp4 	康熙来了-20111013-棒棒堂大战胖胖堂 	121,120 	104,419 	4,226,352 	34.89 	121,119 	140,300 	1.16
开放高清 	法证先锋3(第04集).mp4 	法证先锋3(第04集) 	119,014 	94,602 	4,627,337 	38.88 	119,013 	258,924 	2.18
开放高清 	火影忍者(第452集).mp4 	火影忍者(更新452) 	118,142 	102,315 	2,161,323 	18.29 	118,140 	92,276 	0.78
开放高清 	法证先锋3(第01集).mp4 	法证先锋3(第01集) 	111,318 	95,156 	2,162,231 	19.42 	111,318 	105,452 	0.95
开放高清 	教室别恋.mp4 	教室别恋(师生畸恋) 	109,644 	92,516 	3,054,579 	27.86 	109,643 	129,757 	1.18
开放高清 	当婆婆遇上妈(第10集).mp4 	当婆婆遇上妈(第10集) 	102,350 	80,559 	3,141,493 	30.69 	102,348 	115,426 	1.13
开放高清 	下女(高清).mp4 	下女(高清/侍女) 	98,349 	87,010 	1,849,462 	18.81 	98,349 	145,104 	1.48
开放高清 	当婆婆遇上妈(第05集).mp4 	当婆婆遇上妈(第05集) 	90,814 	64,812 	2,636,906 	29.04 	90,813 	91,743 	1.01
开放高清 	当婆婆遇上妈(第04集).mp4 	当婆婆遇上妈(第04集) 	90,119 	68,981 	2,830,916 	31.41 	90,119 	100,792 	1.12
开放高清 	当婆婆遇上妈(第02集).mp4 	当婆婆遇上妈(第02集) 	89,527 	73,292 	3,094,032 	34.56 	89,526 	115,336 	1.29
开放高清 	当婆婆遇上妈(第09集).mp4 	当婆婆遇上妈(第09集) 	88,776 	70,873 	2,978,394 	33.55 	88,776 	105,675 	1.19
开放高清 	当婆婆遇上妈(第03集).mp4 	当婆婆遇上妈(第03集) 	88,414 	71,420 	3,007,971 	34.02 	88,413 	109,844 	1.24
开放高清 	窃听风云2(蓝光).mp4 	窃听风云2(蓝光/操盘风云2) 	87,226 	69,501 	5,541,164 	63.53 	87,224 	640,089 	7.34
开放高清 	当婆婆遇上妈(第06集).mp4 	当婆婆遇上妈(第06集) 	86,493 	63,557 	2,139,610 	24.74 	86,492 	74,892 	0.87
开放高清 	当婆婆遇上妈(第07集).mp4 	当婆婆遇上妈(第07集) 	85,531 	64,544 	2,686,422 	31.41 	85,531 	94,372 	1.10
开放高清 	法证先锋3国语版(第03集).mp4 	法证先锋3国语版(第03集) 	83,463 	68,043 	3,032,575 	36.33 	83,463 	58,055 	0.70
开放高清 	当婆婆遇上妈(第08集).mp4 	当婆婆遇上妈(第08集) 	82,688 	65,470 	2,689,194 	32.52 	82,688 	95,111 	1.15
开放高清 	法证先锋3国语版(第01集).mp4 	法证先锋3国语版(第01集) 	82,347 	69,406 	2,388,865 	29.01 	82,347 	62,396 	0.76
开放高清 	法证先锋3(第03集).mp4 	法证先锋3(第03集) 	79,499 	64,496 	2,861,936 	36.00 	79,498 	104,833 	1.32
开放高清 	步步惊心(第01集).mp4 	步步惊心(第01集) 	76,083 	60,278 	1,200,119 	15.77 	76,083 	71,021 	0.93
开放高清 	非诚勿扰-20111009-美国专场女嘉宾都是高学历.mp4 	非诚勿扰-美国专场女嘉宾都是高学历 	66,996 	54,189 	2,950,487 	44.04 	66,985 	171,434 	2.56
开放高清 	法证先锋3国语版(第02集)_V1.mp4 	法证先锋3国语版(第02集) 	64,682 	54,341 	2,464,330 	38.10 	64,682 	51,443 	0.80
开放高清 	天上人间扫黄现场视频最新曝光-10月13日.mp4 	天上人间扫黄现场视频最新曝光 	62,245 	53,056 	74,757 	1.20 	62,245 	8,822 	0.14
开放高清 	康熙来了-20111012-歌手惊人的另类才艺.mp4 	康熙来了-20111012-歌手惊人的另类才艺 	62,101 	54,651 	2,061,255 	33.19 	62,101 	59,307 	0.96
开放高清 	山东拾荒老人囚禁智障女子全身赤裸被锁破屋内-10月14日.mp4 	山东拾荒老人囚禁智障女子_全身赤裸被锁破屋内-10月14日 	60,508 	44,689 	148,100 	2.45 	60,508 	10,535 	0.17
开放高清 	法证先锋3(第02集)_V1.mp4 	法证先锋3(第02集) 	59,710 	49,863 	2,066,660 	34.61 	59,710 	73,867 	1.24
开放高清 	万有引力(高清).mp4 	万有引力(高清/莫文蔚郭涛) 	55,085 	46,359 	2,292,418 	41.62 	55,085 	100,787 	1.83
开放高清 	禽兽.mp4 	禽兽(以暴制暴) 	54,907 	49,717 	1,230,435 	22.41 	54,907 	46,430 	0.85
开放高清 	长春砍手门死者临终前视频浑身鲜血惨不忍睹-10月14日.mp4 	长春“砍手门”死者临终前视频_浑身鲜血惨不忍睹 	52,156 	43,940 	19,214 	0.37 	52,156 	4,098 	0.08
开放高清 	快乐大本营-20111008-美女蔡妍李多海.mp4 	快乐大本营-20111008-美女蔡妍李多海 	49,358 	40,797 	2,409,198 	48.81 	49,355 	140,254 	2.84
开放高清 	大学生了没-20111013-同学上课穿这样太超过了吧.mp4 	大学生了没-20111013-同学上课穿这样太超过了吧 	48,461 	43,556 	1,255,567 	25.91 	48,461 	62,583 	1.29
开放高清 	当婆婆遇上妈(第13集).mp4 	当婆婆遇上妈(第13集) 	47,784 	36,576 	1,437,671 	30.09 	47,784 	413,776 	8.66
开放高清 	禁果(偷尝禁果后的忏悔).mp4 	禁果(偷尝禁果后的忏悔) 	47,155 	42,542 	263,673 	5.59 	47,155 	16,154 	0.34
开放高清 	坡州.mp4 	坡州(不伦之恋) 	46,606 	40,916 	794,646 	17.05 	46,602 	52,906 	1.14
开放高清 	暗拍深圳南山夜总会卖淫黑窝小姐打扮妖艳衣着暴露-10月14日.mp4 	暗拍深圳夜总会挑选小姐_打扮妖艳衣着暴露-10月14日 	45,829 	39,948 	44,142 	0.96 	45,829 	10,116 	0.22
开放高清 	步步惊心(第35集).mp4 	步步惊心(第35集) 	45,812 	37,038 	1,502,416 	32.80 	45,812 	74,732 	1.63
开放高清 	新僵尸先生.mp4 	新僵尸先生 	45,403 	38,899 	1,436,153 	31.63 	45,342 	34,253 	0.76
开放高清 	万有引力(蓝光).mp4 	万有引力(蓝光/理性与肉欲间挣扎) 	42,156 	36,408 	1,535,497 	36.42 	42,156 	194,210 	4.61
开放高清 	倾世皇妃预告片111001.mp4 	倾世皇妃预告片111001 	39,341 	34,694 	38,158 	0.97 	39,341 	5,382 	0.14
开放高清 	荃加福禄寿探案(第08集).mp4 	荃加福禄寿探案(第08集) 	37,976 	29,604 	1,573,184 	41.43 	37,976 	94,899 	2.50
开放高清 	全球热恋(高清).mp4 	全球热恋(高清/桂纶镁郭富城) 	37,816 	32,077 	1,697,018 	44.88 	37,815 	47,220 	1.25
开放高清 	曼谷重击(高清).mp4 	曼谷重击(高清/玩命KO) 	37,356 	32,459 	1,612,234 	43.16 	37,356 	68,075 	1.82
开放高清 	我是真的(第01集)_V1.mp4 	我是真的(第01集) 	35,615 	29,670 	543,696 	15.27 	35,615 	35,140 	0.99
开放高清 	爱情睡醒了(第40集).mp4 	爱情睡醒了(第40集) 	34,800 	27,555 	1,050,404 	30.18 	34,800 	49,111 	1.41
开放高清 	爱情睡醒了(第01集).mp4 	爱情睡醒了(第01集) 	34,383 	27,942 	606,526 	17.64 	34,383 	37,604 	1.09
开放高清 	我是真的(第12集)_V1.mp4 	我是真的(第12集) 	34,085 	23,292 	991,051 	29.08 	34,085 	48,448 	1.42
开放高清 	荃加福禄寿探案国语版(第08集).mp4 	荃加福禄寿探案国语版(第08集) 	33,017 	26,385 	1,268,431 	38.42 	33,017 	27,977 	0.85
开放高清 	海贼王(第518集).mp4 	海贼王(第518集) 	32,734 	27,824 	506,918 	15.49 	32,734 	31,998 	0.98
开放高清 	水性杨花.mp4 	水性杨花(放荡) 	32,413 	29,032 	284,069 	8.76 	32,413 	15,262 	0.47
开放高清 	火影忍者(第451集).mp4 	火影忍者(第451集) 	32,354 	28,036 	408,045 	12.61 	32,352 	14,780 	0.46
开放高清 	步步惊心(第34集).mp4 	步步惊心(第34集) 	31,921 	26,003 	1,063,605 	33.32 	31,921 	42,454 	1.33
开放高清 	孤岛惊魂(高清)_V1.mp4 	孤岛惊魂(高清/杨幂) 	31,484 	26,490 	1,370,366 	43.53 	31,484 	61,714 	1.96
开放高清 	国光帮帮忙-20111013-国光帮之谁是男子汉.mp4 	国光帮帮忙-国光帮之谁是男子汉 	30,859 	27,382 	908,624 	29.44 	30,859 	20,873 	0.68
开放高清 	武侠(高清).mp4 	武侠(高清) 	30,843 	25,538 	1,373,828 	44.54 	30,843 	54,692 	1.77
开放高清 	人大女生裸模苏紫紫最新写真水缸内全裸沉溺-10月13日.mp4 	人大女生裸模苏紫紫最新写真_水缸内全裸沉溺-10月13日 	30,730 	27,244 	19,981 	0.65 	30,730 	2,072 	0.07
开放高清 	我是真的(第11集)_V1.mp4 	我是真的(第11集) 	30,457 	23,186 	1,013,373 	33.27 	30,457 	50,083 	1.64
开放高清 	爱情睡醒了(第25集).mp4 	爱情睡醒了(第25集) 	29,270 	16,225 	576,883 	19.71 	29,270 	26,891 	0.92
开放高清 	当婆婆遇上妈(第14集).mp4 	当婆婆遇上妈(第14集) 	29,192 	23,292 	797,581 	27.32 	29,192 	250,356 	8.58
开放高清 	步步惊心(第25集).mp4 	步步惊心(第25集) 	29,144 	22,980 	938,876 	32.22 	29,144 	34,730 	1.19
开放高清 	步步惊心(第02集).mp4 	步步惊心(第02集) 	29,026 	23,346 	878,266 	30.26 	29,026 	38,848 	1.34
开放高清 	步步惊心(第26集).mp4 	步步惊心(第26集) 	28,830 	22,865 	948,282 	32.89 	28,830 	30,750 	1.07
开放高清 	小资女孩向前冲(第08集).mp4 	小资女孩向前冲(第08集) 	28,818 	22,100 	1,079,329 	37.45 	28,818 	38,497 	1.34
开放高清 	步步惊心(第27集).mp4 	步步惊心(第27集) 	28,746 	22,786 	967,264 	33.65 	28,746 	32,569 	1.13
开放高清 	步步惊心(第28集).mp4 	步步惊心(第28集) 	28,700 	22,753 	931,250 	32.45 	28,700 	33,277 	1.16
开放高清 	步步惊心(第33集).mp4 	步步惊心(第33集) 	28,623 	23,219 	987,493 	34.50 	28,623 	30,837 	1.08
开放高清 	步步惊心(第30集).mp4 	步步惊心(第30集) 	28,055 	22,765 	995,032 	35.47 	28,055 	33,950 	1.21
开放高清 	步步惊心(第29集).mp4 	步步惊心(第29集) 	27,993 	22,515 	980,101 	35.01 	27,993 	33,627 	1.20
开放高清 	步步惊心(第32集).mp4 	步步惊心(第32集) 	27,692 	22,389 	943,636 	34.08 	27,692 	31,323 	1.13
开放高清 	步步惊心(第31集).mp4 	步步惊心(第31集) 	27,681 	22,428 	970,734 	35.07 	27,681 	33,130 	1.20
开放高清 	游戏小道花边-20111008-S崎巯娜盏男〖拍_V1.mp4 	17岁童颜巨乳夏日写真 	27,602 	22,440 	65,539 	2.37 	27,602 	7,427 	0.27
开放高清 	赤裸特工.mp4 	赤裸特工(床上杀手) 	27,465 	22,666 	883,580 	32.17 	27,358 	31,702 	1.16
开放高清 	步步惊心高清(第03集).mp4 	步步惊心(第03集) 	26,719 	20,944 	849,104 	31.78 	26,719 	33,934 	1.27
开放高清 	江湖最后一个大佬.mp4 	(1990)江湖最后一个大佬 	26,594 	13,969 	589,127 	22.15 	26,512 	13,247 	0.50
开放高清 	步步惊心(第04集).mp4 	步步惊心(第04集) 	26,543 	20,337 	809,673 	30.50 	26,543 	32,119 	1.21
开放高清 	步步惊心(第21集).mp4 	步步惊心(第21集) 	25,897 	20,555 	870,569 	33.62 	25,897 	28,825 	1.11
开放高清 	非诚勿扰-20111008-小眼男遭女方大胆告白.mp4 	非诚勿扰-20111008-小眼男遭女方大胆告白 	25,888 	21,058 	1,262,820 	48.78 	25,888 	64,199 	2.48
开放高清 	步步惊心(第24集).mp4 	步步惊心(第24集) 	25,785 	20,631 	877,477 	34.03 	25,785 	29,199 	1.13
开放高清 	步步惊心(第22集).mp4 	步步惊心(第22集) 	25,606 	20,356 	897,559 	35.05 	25,606 	28,844 	1.13
开放高清 	步步惊心(第18集).mp4 	步步惊心(第18集) 	25,423 	20,079 	863,080 	33.95 	25,423 	28,364 	1.12
开放高清 	步步惊心(第08集).mp4 	步步惊心(第08集) 	25,414 	19,239 	801,110 	31.52 	25,414 	29,744 	1.17
开放高清 	步步惊心(第20集).mp4 	步步惊心(第20集) 	25,330 	20,434 	870,027 	34.35 	25,330 	28,245 	1.12
开放高清 	步步惊心(第07集).mp4 	步步惊心(第07集) 	25,329 	19,230 	798,644 	31.53 	25,329 	31,232 	1.23
开放高清 	步步惊心(第23集).mp4 	步步惊心(第23集) 	25,210 	20,263 	834,691 	33.11 	25,210 	29,149 	1.16
开放高清 	步步惊心(第05集).mp4 	步步惊心(第05集) 	25,146 	19,516 	798,717 	31.76 	25,146 	29,806 	1.19
开放高清 	步步惊心(第10集).mp4 	步步惊心(第10集) 	25,097 	19,390 	783,840 	31.23 	25,097 	30,960 	1.23
开放高清 	佳节.mp4 	佳节(情色私生活) 	25,001 	21,489 	611,079 	24.44 	24,902 	23,128 	0.93
开放高清 	步步惊心(第09集).mp4 	步步惊心(第09集) 	24,958 	19,061 	825,147 	33.06 	24,958 	28,124 	1.13
开放高清 	死神(第343集).mp4 	死神(第343集) 	24,926 	21,662 	434,797 	17.44 	24,925 	17,352 	0.70
开放高清 	步步惊心(第06集).mp4 	步步惊心(第06集) 	24,869 	19,013 	795,060 	31.97 	24,869 	33,606 	1.35
开放高清 	朋友也上床.mp4 	朋友也上床(炮友关系) 	24,832 	21,542 	629,683 	25.36 	24,832 	24,585 	0.99
开放高清 	尸地余生.mp4 	尸地余生(丧尸肆虐) 	24,694 	20,518 	1,031,716 	41.78 	24,693 	41,296 	1.67
开放高清 	步步惊心(第16集).mp4 	步步惊心(第16集) 	24,686 	19,615 	839,358 	34.00 	24,686 	32,622 	1.32
开放高清 	爱情睡醒了(第39集).mp4 	爱情睡醒了(第39集) 	24,662 	19,634 	773,038 	31.35 	24,662 	32,881 	1.33
开放高清 	步步惊心(第19集).mp4 	步步惊心(第19集) 	24,639 	19,695 	832,373 	33.78 	24,639 	30,454 	1.24
开放高清 	倾世皇妃预告片.mp4 	倾世皇妃预告片 	24,574 	21,767 	94,275 	3.84 	24,574 	4,592 	0.19
开放高清 	步步惊心(第13集).mp4 	步步惊心(第13集) 	24,170 	19,231 	810,284 	33.52 	24,170 	28,347 	1.17
开放高清 	步步惊心(第17集).mp4 	步步惊心(第17集) 	24,148 	19,315 	831,620 	34.44 	24,148 	32,125 	1.33
开放高清 	步步惊心(第12集).mp4 	步步惊心(第12集) 	24,117 	18,981 	769,462 	31.91 	24,117 	28,227 	1.17
开放高清 	荃加福禄寿探案(第07集).mp4 	荃加福禄寿探案(第07集) 	23,911 	18,647 	859,901 	35.96 	23,910 	30,458 	1.27
开放高清 	步步惊心(第14集).mp4 	步步惊心(第14集) 	23,861 	18,837 	800,925 	33.57 	23,861 	30,238 	1.27
开放高清 	步步惊心(第15集).mp4 	步步惊心(第15集) 	23,719 	18,885 	800,694 	33.76 	23,719 	30,845 	1.30
开放高清 	最后一站.mp4 	最后一站(为爱起程) 	23,441 	20,790 	222,198 	9.48 	23,441 	16,764 	0.72
开放高清 	爱情睡醒了(第38集).mp4 	爱情睡醒了(第38集) 	23,391 	18,558 	716,753 	30.64 	23,391 	28,523 	1.22
开放高清 	欢喜冤家-20111013-女大学生的艰难爱情.mp4 	欢喜冤家-20111013-女大学生的艰难爱情 	23,296 	19,428 	456,391 	19.59 	23,296 	26,986 	1.16
开放高清 	非常了得-20111012-男生妖娆舞步逗老郭_V1.mp4 	非常了得-20111012-男生妖娆舞步逗老郭 	23,252 	19,923 	964,615 	41.49 	23,252 	27,087 	1.16
开放高清 	步步惊心(第11集).mp4 	步步惊心(第11集) 	23,171 	18,690 	768,762 	33.18 	23,171 	33,761 	1.46
开放高清 	TVBS哈新闻-20111012-少女时代素颜曝光眼小眉淡五官浅.mp4 	TVBS哈新闻-20111012-少女时代素颜曝光眼小眉淡五官浅 	22,820 	20,826 	272,082 	11.92 	22,820 	14,226 	0.62
开放高清 	爱情睡醒了(第37集).mp4 	爱情睡醒了(第37集) 	22,625 	18,053 	705,444 	31.18 	22,625 	25,325 	1.12
开放高清 	婚外初夜.mp4 	婚外初夜 	22,226 	19,772 	409,932 	18.44 	22,226 	9,331 	0.42
开放高清 	爱情睡醒了(第36集).mp4 	爱情睡醒了(第36集) 	21,897 	17,516 	694,486 	31.72 	21,897 	26,780 	1.22
开放高清 	爱情睡醒了(第33集).mp4 	爱情睡醒了(第33集) 	21,873 	17,372 	674,289 	30.83 	21,872 	26,895 	1.23
开放高清 	康熙来了-20111011-康熙歌唱训练班又来了.mp4 	康熙来了-20111011-康熙歌唱训练班又来了 	21,813 	19,362 	840,278 	38.52 	21,813 	24,093 	1.10
开放高清 	小资女孩向前冲(第01集)_V2.mp4 	小资女孩向前冲(第01集) 	21,748 	17,792 	661,746 	30.43 	21,748 	35,268 	1.62
开放高清 	爱情睡醒了(第32集).mp4 	爱情睡醒了(第32集) 	21,665 	17,028 	626,608 	28.92 	21,665 	23,032 	1.06
开放高清 	爱情睡醒了(第31集).mp4 	爱情睡醒了(第31集) 	21,418 	16,766 	633,012 	29.56 	21,418 	23,477 	1.10
开放高清 	爱情睡醒了(第35集).mp4 	爱情睡醒了(第35集) 	21,326 	17,094 	646,074 	30.30 	21,326 	25,564 	1.20
开放高清 	爱情睡醒了(第34集).mp4 	爱情睡醒了(第34集) 	21,225 	16,873 	643,497 	30.32 	21,225 	23,831 	1.12
开放高清 	经典传奇-20111012-惊世古墓中的神秘第三人.mp4 	经典传奇-惊世古墓中的神秘第三人-20111012 	21,186 	16,185 	376,531 	17.77 	21,186 	16,557 	0.78
开放高清 	7号差馆(高清).mp4 	7号差馆(高清/连环少女奸杀案) 	21,054 	18,393 	565,418 	26.86 	21,054 	37,507 	1.78
开放高清 	爱情睡醒了(第28集).mp4 	爱情睡醒了(第28集) 	20,946 	16,450 	606,162 	28.94 	20,946 	24,411 	1.17
开放高清 	爱情睡醒了(第30集).mp4 	爱情睡醒了(第30集) 	20,651 	16,320 	629,466 	30.48 	20,651 	29,588 	1.43
开放高清 	奇思妙想喜羊羊(第01集).mp4 	奇思妙想喜羊羊(第01集) 	20,611 	16,187 	192,669 	9.35 	20,611 	23,603 	1.15
开放高清 	性与早餐.mp4 	性与早餐(婚姻和性) 	20,373 	18,114 	295,901 	14.52 	20,335 	14,026 	0.69
开放高清 	血战沙漠.mp4 	血战沙漠(阿富汗战争) 	20,127 	17,649 	709,988 	35.28 	20,127 	16,917 	0.84
开放高清 	爱情睡醒了(第26集).mp4 	爱情睡醒了(第26集) 	20,115 	16,003 	594,084 	29.53 	20,115 	24,332 	1.21
开放高清 	爱情睡醒了(第27集).mp4 	爱情睡醒了(第27集) 	19,881 	15,901 	600,496 	30.20 	19,881 	23,148 	1.16
开放高清 	爱情睡醒了(第29集).mp4 	爱情睡醒了(第29集) 	19,702 	15,534 	604,100 	30.66 	19,701 	23,725 	1.20
开放高清 	旺角半熟少女.mp4 	旺角半熟少女(肉体堕落) 	19,682 	17,593 	430,026 	21.85 	19,682 	11,846 	0.60
开放高清 	天天向上-20111007-双生少女成长记.mp4 	天天向上-20111007-双生少女成长记 	19,326 	16,503 	832,918 	43.10 	19,324 	41,250 	2.13
开放高清 	稻草狗未分级版(高清).mp4 	稻草狗未分级版(高清/暴力性交) 	19,238 	16,498 	436,720 	22.70 	19,238 	30,365 	1.58
开放高清 	荃加福禄寿探案国语版(第07集).mp4 	荃加福禄寿探案国语版(第07集) 	19,168 	15,104 	668,438 	34.87 	19,168 	11,942 	0.62
开放高清 	窃听风云2_V1.mp4 	窃听风云2(吴彦祖叶璇) 	19,153 	16,280 	1,257,361 	65.65 	19,153 	33,077 	1.73
开放高清 	赌神.mp4 	赌神(赌王集合) 	18,922 	15,910 	900,259 	47.58 	18,615 	42,825 	2.30
开放高清 	爱情睡醒了(第24集).mp4 	爱情睡醒了(第24集) 	18,845 	14,918 	569,303 	30.21 	18,845 	23,470 	1.25
开放高清 	壹周立波秀之十一特别节目-反腐.mp4 	壹周立波秀之十一特别节目-反腐 	18,806 	15,965 	498,854 	26.53 	18,806 	29,540 	1.57
开放高清 	猿族崛起.mp4 	猿族崛起(猿人争霸战) 	18,611 	16,299 	925,369 	49.72 	18,611 	6,465 	0.35
开放高清 	爱情睡醒了(第23集).mp4 	爱情睡醒了(第23集) 	18,600 	14,658 	554,795 	29.83 	18,600 	22,403 	1.20
开放高清 	最变态的闹洞房新郎被扒光穿女人内衣－10月13日.mp4 	最变态的闹洞房：新郎被扒光穿女人内衣-10月13日 	18,310 	16,149 	60,941 	3.33 	18,310 	6,758 	0.37
开放高清 	无间道3(蓝光).mp4 	无间道3(蓝光/梁朝伟陈道明) 	18,149 	15,324 	761,542 	41.96 	18,149 	141,256 	7.78
开放高清 	爱情睡醒了(第16集).mp4 	爱情睡醒了(第16集) 	18,127 	14,102 	494,971 	27.31 	18,127 	22,013 	1.21
开放高清 	爱情睡醒了(第02集).mp4 	爱情睡醒了(第02集) 	18,082 	14,393 	494,577 	27.35 	18,082 	18,550 	1.03
开放高清 	市民警察69.mp4 	市民警察69(魅惑女警官) 	18,063 	16,284 	372,328 	20.61 	18,063 	17,508 	0.97
开放高清 	一夜情.mp4 	一夜情(高清) 	17,940 	15,371 	359,843 	20.06 	17,940 	7,944 	0.44
开放高清 	爱情睡醒了(第20集).mp4 	爱情睡醒了(第20集) 	17,900 	14,250 	507,524 	28.35 	17,900 	24,012 	1.34
开放高清 	财神客栈(高清).mp4 	财神客栈(高清/谢霆锋阿SA) 	17,897 	14,903 	826,556 	46.18 	17,896 	32,951 	1.84
开放高清 	爱情睡醒了(第22集).mp4 	爱情睡醒了(第22集) 	17,794 	14,289 	535,938 	30.12 	17,794 	22,326 	1.25
开放高清 	美女匪帮.mp4 	美女匪帮 	17,717 	15,949 	224,887 	12.69 	17,674 	10,775 	0.61
开放高清 	爱情睡醒了(第21集).mp4 	爱情睡醒了(第21集) 	17,664 	14,149 	526,048 	29.78 	17,664 	22,009 	1.25
开放高清 	潘金莲.mp4 	潘金莲(红杏出墙) 	17,512 	15,768 	206,575 	11.80 	17,512 	10,029 	0.57
开放高清 	我是真的(第10集)_V1.mp4 	我是真的(第10集) 	17,501 	13,278 	506,149 	28.92 	17,501 	21,779 	1.24
开放高清 	爱情睡醒了(第19集).mp4 	爱情睡醒了(第19集) 	17,430 	13,779 	523,493 	30.03 	17,430 	20,533 	1.18
开放高清 	当婆婆遇上妈(片花).mp4 	当婆婆遇上妈(片花) 	17,299 	14,145 	201,199 	11.63 	17,299 	11,352 	0.66
开放高清 	爱情睡醒了(第18集).mp4 	爱情睡醒了(第18集) 	17,279 	13,663 	523,769 	30.31 	17,279 	26,633 	1.54
开放高清 	女巫季节(蓝光).mp4 	女巫季节(蓝光/魔女神兵) 	16,986 	14,489 	607,437 	35.76 	16,979 	55,918 	3.29
开放高清 	爱情睡醒了(第17集).mp4 	爱情睡醒了(第17集) 	16,945 	13,260 	488,587 	28.83 	16,945 	20,286 	1.20
开放高清 	爱情睡醒了(第15集).mp4 	爱情睡醒了(第15集) 	16,919 	13,466 	508,760 	30.07 	16,919 	26,884 	1.59
开放高清 	喜羊羊与灰太狼之牛气冲天.mp4 	喜羊羊与灰太狼之牛气冲天 	16,883 	12,261 	432,176 	25.60 	16,624 	15,319 	0.92
开放高清 	厕所女神(高清).mp4 	厕所女神(高清/厕所有神明) 	16,864 	15,418 	229,132 	13.59 	16,864 	24,513 	1.45
开放高清 	热浪球爱战(高清).mp4 	热浪球爱战(高清/胸涌来袭) 	16,618 	14,818 	387,937 	23.34 	16,618 	15,718 	0.95
开放高清 	韩版女帝(第01集).mp4 	韩版女帝(第01集) 	16,610 	14,582 	433,489 	26.10 	16,610 	19,215 	1.16
开放高清 	荃加福禄寿探案(第01集).mp4 	荃加福禄寿探案(第01集) 	16,372 	14,205 	319,555 	19.52 	16,372 	16,507 	1.01
开放高清 	性感女模走秀内裤不慎脱落出糗-9月30日.mp4 	性感女模走秀内裤不慎脱落出糗-9月30日 	16,193 	14,545 	17,816 	1.10 	16,193 	1,337 	0.08
开放高清 	狼牙.mp4 	狼牙 	16,108 	8,448 	451,171 	28.01 	16,094 	15,132 	0.94
开放高清 	少林僵尸.mp4 	少林僵尸(魔幻界) 	16,083 	13,136 	615,331 	38.26 	16,045 	18,357 	1.14
开放高清 	窃听风云2粤语(高清).mp4 	窃听风云2粤语(高清/吴彦祖古天乐) 	16,001 	12,833 	787,342 	49.21 	16,001 	57,766 	3.61
开放高清 	火影忍者(第001集).mp4 	火影忍者(第001集) 	15,907 	13,980 	51,286 	3.22 	15,822 	2,990 	0.19
开放高清 	荃加福禄寿探案(第06集)_V1.mp4 	荃加福禄寿探案(第06集) 	15,613 	12,613 	545,036 	34.91 	15,613 	19,577 	1.25
开放高清 	爱情睡醒了(第03集).mp4 	爱情睡醒了(第03集) 	15,588 	12,515 	453,105 	29.07 	15,588 	19,334 	1.24
开放高清 	爱情睡醒了(第04集).mp4 	爱情睡醒了(第04集) 	15,433 	12,145 	444,098 	28.78 	15,433 	17,681 	1.15
开放高清 	爱情睡醒了(第13集).mp4 	爱情睡醒了(第13集) 	15,334 	12,061 	456,075 	29.74 	15,334 	20,419 	1.33
开放高清 	跟踪孔令学(高清)_V3.mp4 	跟踪孔令学(高清/范伟) 	15,299 	13,819 	331,822 	21.69 	15,299 	13,293 	0.87
开放高清 	宫锁心玉(第01集).mp4 	宫锁心玉(第01集) 	15,138 	7,727 	207,964 	13.74 	15,041 	17,953 	1.19
开放高清 	长春高中生因打球纠纷被砍死肇事方已被控-10月13日.mp4 	长春高中生因打球纠纷被砍死_肇事方已被控-10月13日 	15,121 	13,767 	31,595 	2.09 	15,121 	1,555 	0.10
开放高清 	爱情睡醒了(第14集).mp4 	爱情睡醒了(第14集) 	15,098 	11,919 	438,305 	29.03 	15,098 	21,893 	1.45
开放高清 	爱情睡醒了(第10集).mp4 	爱情睡醒了(第10集) 	15,039 	11,875 	440,908 	29.32 	15,039 	17,367 	1.15
开放高清 	我是真的(第09集)_V1.mp4 	我是真的(第09集) 	15,018 	11,689 	476,719 	31.74 	15,018 	16,773 	1.12
开放高清 	[VIP]床照门-李天一女友艳照大曝光-湿身诱惑.mp4 	床照门：李天一女友艳照大曝光，湿身诱惑 	14,949 	12,277 	25,978 	1.74 	14,949 	450 	0.03
开放高清 	爱情睡醒了(第12集).mp4 	爱情睡醒了(第12集) 	14,926 	11,864 	440,117 	29.49 	14,926 	18,005 	1.21
开放高清 	狙击精英：重装上阵.mp4 	狙击精英：重装上阵 	14,925 	12,878 	560,275 	37.54 	14,924 	13,313 	0.89
开放高清 	爱情睡醒了(第08集).mp4 	爱情睡醒了(第08集) 	14,879 	11,695 	427,241 	28.71 	14,879 	14,819 	1.00
开放高清 	国光帮帮忙-20111012-老婆我就是要做这件事.mp4 	国光帮帮忙-20111012-老婆我就是要做这件事 	14,875 	12,926 	612,909 	41.20 	14,875 	11,045 	0.74
开放高清 	翻转.mp4 	翻转(美国最新动作片) 	14,715 	13,439 	334,071 	22.70 	14,715 	10,140 	0.69
开放高清 	倾世皇妃(片花).mp4 	倾世皇妃高清片花 	14,701 	12,435 	99,730 	6.78 	14,701 	2,892 	0.20
开放高清 	花花体育-棒球宝贝热裤表演秀之匹兹堡钢人队20111010.mp4 	花花体育-棒球宝贝热裤表演秀之匹兹堡钢人队20111010 	14,666 	12,757 	26,803 	1.83 	14,666 	4,165 	0.28
开放高清 	爱情睡醒了(第05集).mp4 	爱情睡醒了(第05集) 	14,653 	11,773 	438,735 	29.94 	14,653 	17,723 	1.21
开放高清 	少年赌圣.mp4 	少年赌圣 	14,646 	12,627 	650,511 	44.42 	14,554 	12,578 	0.86
开放高清 	爱情睡醒了(第07集).mp4 	爱情睡醒了(第07集) 	14,512 	11,495 	427,918 	29.49 	14,512 	16,551 	1.14
开放高清 	七夜DVD.mp4 	七夜(蒋勤勤张静初) 	14,422 	12,836 	412,909 	28.63 	14,422 	10,939 	0.76
开放高清 	倾世皇妃(预告).mp4 	倾世皇妃(预告) 	14,361 	12,476 	20,995 	1.46 	14,361 	1,678 	0.12
开放高清 	我们约会吧-20111011-刘婷婷谢良根牵手成功.mp4 	我们约会吧-20111011-刘婷婷谢良根牵手成功 	14,337 	11,901 	620,170 	43.26 	14,335 	31,238 	2.18
开放高清 	爱情睡醒了(第11集).mp4 	爱情睡醒了(第11集) 	14,299 	11,452 	415,397 	29.05 	14,299 	15,701 	1.10
开放高清 	爱情睡醒了(第09集).mp4 	爱情睡醒了(第09集) 	14,285 	11,413 	440,713 	30.85 	14,285 	16,163 	1.13
开放高清 	灰姑娘的故事3.mp4 	灰姑娘的故事3(我要当明星) 	14,248 	12,305 	624,581 	43.84 	14,248 	17,489 	1.23
  	  	合计 	7,416,271 	6,019,934 	218,457,694 	29.46 	7,414,894 	10,199,905 	1.38
