开放高清 	非诚勿扰-20111009-美国专场女嘉宾都是高学历.mp4 	非诚勿扰-20111009-美国专场女嘉宾都是高学历 	303,940 	224,071 	15,184,159 	49.96 	303,938 	978,072 	3.22
开放高清 	当婆婆遇上妈(第01集).mp4 	当婆婆遇上妈(第01集) 	206,334 	157,217 	5,432,411 	26.33 	206,334 	255,267 	1.24
开放高清 	当婆婆遇上妈(第03集).mp4 	当婆婆遇上妈(第03集) 	149,908 	115,161 	5,307,816 	35.41 	149,908 	236,446 	1.58
开放高清 	当婆婆遇上妈(第04集).mp4 	当婆婆遇上妈(第04集) 	144,266 	101,183 	4,502,272 	31.21 	144,265 	209,868 	1.45
开放高清 	快乐大本营-20111008-美女蔡妍李多海.mp4 	快乐大本营-20111008-美女蔡妍李多海 	143,928 	118,061 	8,179,744 	56.83 	143,924 	421,278 	2.93
开放高清 	当婆婆遇上妈(第02集).mp4 	当婆婆遇上妈(第02集) 	130,568 	102,519 	4,434,463 	33.96 	130,568 	170,432 	1.31
开放高清 	非诚勿扰-20111008-小眼男遭女方大胆告白.mp4 	非诚勿扰-20111008-小眼男遭女方大胆告白 	118,971 	93,447 	6,514,104 	54.75 	118,971 	334,156 	2.81
开放高清 	武汉色魔挖地窖囚禁2名少女作为性奴-10月9日.mp4 	武汉色魔挖地窖囚禁2名少女作为性奴-10月9日 	111,105 	87,953 	25,203 	0.23 	111,104 	6,244 	0.06
开放高清 	海贼王(第518集).mp4 	海贼王(第518集) 	88,203 	70,460 	1,740,855 	19.74 	88,203 	85,674 	0.97
开放高清 	游戏小道花边-20111008-S崎巯娜盏男〖拍_V1.mp4 	17岁童颜巨乳夏日写真 	79,748 	60,819 	193,186 	2.42 	79,747 	20,520 	0.26
开放高清 	热浪球爱战(高清).mp4 	热浪球爱战(高清/胸涌来袭) 	75,276 	66,900 	1,211,171 	16.09 	75,276 	54,167 	0.72
开放高清 	小资女孩向前冲(第08集).mp4 	小资女孩向前冲(第08集) 	74,276 	53,953 	4,133,652 	55.65 	74,275 	175,773 	2.37
开放高清 	康熙来了-20111007-半百男人的感情食物链.mp4 	康熙来了-20111007-半百男人的感情食物链 	71,527 	62,898 	1,649,739 	23.06 	71,527 	64,842 	0.91
开放高清 	步步惊心(第01集).mp4 	步步惊心(第01集) 	67,761 	54,042 	1,468,389 	21.67 	67,761 	86,391 	1.27
开放高清 	万有引力(高清).mp4 	万有引力(高清/莫文蔚郭涛) 	65,712 	55,171 	2,782,097 	42.34 	65,711 	116,101 	1.77
开放高清 	出轨的女人.mp4 	出轨的女人(三角女同爱情) 	65,628 	52,812 	1,955,736 	29.80 	65,628 	71,438 	1.09
开放高清 	步步惊心(第35集).mp4 	步步惊心(第35集) 	61,761 	50,088 	2,095,621 	33.93 	61,761 	106,131 	1.72
开放高清 	步步惊心(第02集).mp4 	步步惊心(第02集) 	60,031 	48,251 	1,204,637 	20.07 	60,031 	51,003 	0.85
开放高清 	孤岛惊魂(高清)_V1.mp4 	孤岛惊魂(高清/杨幂) 	56,783 	48,175 	2,345,175 	41.30 	56,783 	114,738 	2.02
开放高清 	新僵尸先生.mp4 	新僵尸先生(茅山道士) 	55,044 	47,370 	1,603,497 	29.13 	54,973 	33,608 	0.61
开放高清 	我是真的(第01集)_V1.mp4 	我是真的(第01集) 	54,767 	44,995 	935,033 	17.07 	54,767 	92,881 	1.70
开放高清 	荃加福禄寿探案(第01集).mp4 	荃加福禄寿探案(第01集) 	51,786 	45,706 	842,581 	16.27 	51,786 	44,209 	0.85
开放高清 	全球热恋(高清).mp4 	全球热恋(高清/桂纶镁郭富城) 	48,947 	43,572 	2,128,144 	43.48 	48,947 	53,573 	1.09
开放高清 	爱情睡醒了(第40集).mp4 	爱情睡醒了(第40集) 	47,945 	38,296 	1,541,206 	32.15 	47,945 	73,209 	1.53
开放高清 	步步惊心(第34集).mp4 	步步惊心(第34集) 	44,029 	35,905 	1,493,765 	33.93 	44,029 	60,672 	1.38
开放高清 	梦回鹿鼎记.mp4 	梦回鹿鼎记(步步惊心番外篇) 	43,934 	38,954 	470,307 	10.70 	43,933 	15,801 	0.36
开放高清 	爱情睡醒了(第25集).mp4 	爱情睡醒了(第25集) 	43,825 	25,181 	928,865 	21.19 	43,825 	38,992 	0.89
开放高清 	实拍山东农村艳舞表演警车停棚外维持秩序-10月10日.mp4 	实拍山东农村“艳舞”表演_警车停棚外维持秩序-10月10日 	42,897 	37,438 	176,892 	4.12 	42,897 	8,837 	0.21
开放高清 	背后的故事-20111009-步步惊心之吴奇隆的辛酸.mp4 	背后的故事-20111009-步步惊心(下) 	41,425 	33,418 	1,087,643 	26.26 	41,425 	44,564 	1.08
开放高清 	赤裸特工.mp4 	赤裸特工 	40,567 	33,196 	1,337,187 	32.96 	40,477 	47,824 	1.18
开放高清 	步步惊心(第33集).mp4 	步步惊心(第33集) 	39,547 	31,716 	1,368,558 	34.61 	39,547 	46,753 	1.18
开放高清 	新熟女时代.mp4 	新熟女时代(再玩女士们) 	38,985 	27,965 	433,437 	11.12 	38,981 	19,272 	0.49
开放高清 	爱情睡醒了(第01集).mp4 	爱情睡醒了(第01集) 	38,743 	31,218 	697,637 	18.01 	38,743 	44,631 	1.15
开放高清 	步步惊心(第32集).mp4 	步步惊心(第32集) 	38,154 	30,242 	1,276,081 	33.45 	38,154 	48,715 	1.28
开放高清 	步步惊心(第25集).mp4 	步步惊心(第25集) 	37,847 	30,002 	1,254,138 	33.14 	37,847 	41,994 	1.11
开放高清 	步步惊心(第30集).mp4 	步步惊心(第30集) 	37,773 	29,960 	1,318,118 	34.90 	37,773 	45,753 	1.21
开放高清 	步步惊心(第26集).mp4 	步步惊心(第26集) 	37,664 	29,921 	1,259,690 	33.45 	37,664 	38,757 	1.03
开放高清 	步步惊心(第27集).mp4 	步步惊心(第27集) 	37,386 	29,788 	1,254,031 	33.54 	37,386 	39,333 	1.05
开放高清 	步步惊心(第29集).mp4 	步步惊心(第29集) 	37,235 	30,016 	1,335,901 	35.88 	37,235 	43,275 	1.16
开放高清 	步步惊心(第28集).mp4 	步步惊心(第28集) 	37,202 	29,870 	1,259,143 	33.85 	37,202 	43,299 	1.16
开放高清 	步步惊心(第31集).mp4 	步步惊心(第31集) 	36,491 	29,575 	1,278,673 	35.04 	36,491 	45,668 	1.25
开放高清 	爱情睡醒了(第39集).mp4 	爱情睡醒了(第39集) 	36,146 	28,884 	1,167,021 	32.29 	36,146 	46,406 	1.28
开放高清 	天天向上-20111007-双生少女成长记.mp4 	天天向上-20111007-双生少女成长记 	35,309 	30,240 	1,883,325 	53.34 	35,309 	79,852 	2.26
开放高清 	华西村30亿建328米酒店村书记称让农民生活超城里-10月9日.mp4 	华西村30亿建328米酒店_村书记称让农民生活超城里-10月9日 	34,754 	29,609 	46,793 	1.35 	34,754 	3,184 	0.09
开放高清 	步步惊心(第04集).mp4 	步步惊心(第04集) 	34,452 	26,767 	1,095,564 	31.80 	34,452 	40,185 	1.17
开放高清 	诊所惊魂(高清).mp4 	诊所惊魂(高清/诊所) 	34,326 	29,997 	1,394,296 	40.62 	34,326 	73,957 	2.15
开放高清 	爱情睡醒了(第38集).mp4 	爱情睡醒了(第38集) 	34,159 	27,206 	1,054,735 	30.88 	34,159 	39,285 	1.15
开放高清 	步步惊心(第10集).mp4 	步步惊心(第10集) 	33,778 	25,601 	1,103,679 	32.67 	33,778 	36,179 	1.07
开放高清 	小资女孩向前冲(第01集)_V2.mp4 	小资女孩向前冲(第01集) 	33,649 	27,956 	965,191 	28.68 	33,649 	51,976 	1.54
开放高清 	步步惊心(第21集).mp4 	步步惊心(第21集) 	33,642 	26,861 	1,176,080 	34.96 	33,642 	37,748 	1.12
开放高清 	步步惊心高清(第03集).mp4 	步步惊心(第03集) 	33,586 	27,163 	1,118,015 	33.29 	33,586 	45,986 	1.37
开放高清 	步步惊心(第24集).mp4 	步步惊心(第24集) 	33,443 	26,937 	1,191,658 	35.63 	33,443 	36,228 	1.08
开放高清 	实拍商场性感女模人体彩绘引众人围观-10月10日.mp4 	实拍商场性感女模人体彩绘引众人围观-10月10日 	33,422 	29,716 	33,195 	0.99 	33,422 	3,888 	0.12
开放高清 	爱情睡醒了(第32集).mp4 	爱情睡醒了(第32集) 	33,380 	25,647 	960,782 	28.78 	33,380 	33,045 	0.99
开放高清 	步步惊心(第22集).mp4 	步步惊心(第22集) 	33,372 	26,737 	1,181,339 	35.40 	33,372 	38,078 	1.14
开放高清 	步步惊心(第18集).mp4 	步步惊心(第18集) 	33,321 	26,373 	1,136,393 	34.10 	33,321 	36,781 	1.10
开放高清 	步步惊心(第08集).mp4 	步步惊心(第08集) 	33,316 	25,415 	1,095,372 	32.88 	33,316 	39,393 	1.18
开放高清 	步步惊心(第05集).mp4 	步步惊心(第05集) 	33,315 	25,791 	1,090,720 	32.74 	33,315 	42,191 	1.27
开放高清 	步步惊心(第07集).mp4 	步步惊心(第07集) 	33,285 	25,394 	1,082,553 	32.52 	33,285 	40,093 	1.20
开放高清 	千次的吻(第16集).mp4 	千次的吻(第16集) 	33,255 	23,958 	1,454,293 	43.73 	33,255 	38,240 	1.15
开放高清 	步步惊心(第06集).mp4 	步步惊心(第06集) 	33,053 	25,337 	1,080,799 	32.70 	33,052 	41,699 	1.26
开放高清 	步步惊心(第20集).mp4 	步步惊心(第20集) 	33,008 	26,485 	1,158,606 	35.10 	33,008 	38,142 	1.16
开放高清 	步步惊心(第09集).mp4 	步步惊心(第09集) 	32,873 	25,140 	1,101,731 	33.51 	32,873 	39,634 	1.21
开放高清 	步步惊心(第23集).mp4 	步步惊心(第23集) 	32,633 	26,354 	1,129,672 	34.62 	32,633 	36,568 	1.12
开放高清 	爱情睡醒了(第37集).mp4 	爱情睡醒了(第37集) 	32,469 	26,055 	1,023,343 	31.52 	32,469 	33,727 	1.04
开放高清 	爱情睡醒了(第31集).mp4 	爱情睡醒了(第31集) 	32,371 	24,849 	968,961 	29.93 	32,371 	36,193 	1.12
开放高清 	步步惊心(第19集).mp4 	步步惊心(第19集) 	32,334 	25,904 	1,121,853 	34.70 	32,333 	36,975 	1.14
开放高清 	河南打工妹在陕西省人大办公楼内被奸杀-10月9日.mp4 	河南打工妹在陕西省人大办公楼内被奸杀-10月9日 	32,097 	27,985 	27,004 	0.84 	32,097 	4,358 	0.14
开放高清 	步步惊心(第16集).mp4 	步步惊心(第16集) 	31,822 	25,494 	1,098,637 	34.52 	31,822 	37,675 	1.18
开放高清 	步步惊心(第13集).mp4 	步步惊心(第13集) 	31,786 	24,991 	1,082,904 	34.07 	31,786 	36,453 	1.15
开放高清 	水性杨花.mp4 	水性杨花(放荡) 	31,591 	28,069 	295,135 	9.34 	31,591 	15,475 	0.49
开放高清 	步步惊心(第17集).mp4 	步步惊心(第17集) 	31,535 	25,306 	1,114,286 	35.33 	31,535 	38,439 	1.22
开放高清 	爱情睡醒了(第28集).mp4 	爱情睡醒了(第28集) 	31,479 	24,623 	926,112 	29.42 	31,479 	38,833 	1.23
开放高清 	爱情睡醒了(第33集).mp4 	爱情睡醒了(第33集) 	31,400 	25,002 	974,702 	31.04 	31,400 	37,311 	1.19
开放高清 	步步惊心(第12集).mp4 	步步惊心(第12集) 	31,336 	24,889 	1,046,389 	33.39 	31,336 	34,937 	1.11
开放高清 	爱情睡醒了(第36集).mp4 	爱情睡醒了(第36集) 	31,229 	25,182 	1,000,815 	32.05 	31,229 	36,845 	1.18
开放高清 	爱情睡醒了(第26集).mp4 	爱情睡醒了(第26集) 	31,122 	24,568 	941,935 	30.27 	31,122 	35,192 	1.13
开放高清 	步步惊心(第14集).mp4 	步步惊心(第14集) 	31,087 	24,522 	1,061,552 	34.15 	31,087 	34,942 	1.12
开放高清 	步步惊心(第15集).mp4 	步步惊心(第15集) 	30,808 	24,577 	1,069,723 	34.72 	30,808 	35,855 	1.16
开放高清 	爱情睡醒了(第27集).mp4 	爱情睡醒了(第27集) 	30,698 	24,212 	947,002 	30.85 	30,698 	36,396 	1.19
开放高清 	爱情睡醒了(第30集).mp4 	爱情睡醒了(第30集) 	30,513 	24,423 	950,637 	31.16 	30,513 	42,186 	1.38
开放高清 	步步惊心(第11集).mp4 	步步惊心(第11集) 	30,449 	24,454 	1,040,582 	34.17 	30,448 	39,228 	1.29
开放高清 	爱情睡醒了(第35集).mp4 	爱情睡醒了(第35集) 	30,423 	24,604 	944,634 	31.05 	30,423 	32,378 	1.06
开放高清 	爱情睡醒了(第34集).mp4 	爱情睡醒了(第34集) 	30,409 	24,069 	927,408 	30.50 	30,409 	32,836 	1.08
开放高清 	爱情睡醒了(第23集).mp4 	爱情睡醒了(第23集) 	30,073 	23,412 	928,573 	30.88 	30,073 	38,706 	1.29
开放高清 	火影忍者(第451集).mp4 	火影忍者(第451集) 	29,992 	25,946 	521,240 	17.38 	29,992 	16,390 	0.55
开放高清 	爱情睡醒了(第24集).mp4 	爱情睡醒了(第24集) 	29,806 	23,625 	920,483 	30.88 	29,806 	34,574 	1.16
开放高清 	爱情睡醒了(第29集).mp4 	爱情睡醒了(第29集) 	29,720 	23,606 	948,440 	31.91 	29,720 	35,806 	1.20
开放高清 	重庆遭最强雷阵闪电暴雨-10月9日.mp4 	重庆遭最强雷阵闪电暴雨 	29,539 	25,570 	58,881 	1.99 	29,539 	3,096 	0.10
开放高清 	狼牙.mp4 	狼牙 	29,363 	15,853 	854,527 	29.10 	29,350 	28,485 	0.97
开放高清 	爱情睡醒了(第16集).mp4 	爱情睡醒了(第16集) 	29,060 	22,495 	852,758 	29.34 	29,060 	35,713 	1.23
开放高清 	爱情睡醒了(第20集).mp4 	爱情睡醒了(第20集) 	28,852 	22,903 	881,663 	30.56 	28,852 	37,553 	1.30
开放高清 	爱情睡醒了(第22集).mp4 	爱情睡醒了(第22集) 	28,735 	22,944 	907,723 	31.59 	28,735 	36,132 	1.26
开放高清 	广西杀人犯逃亡途中嫖娼被抓涉黄小姐被吓哭-10月9日.mp4 	广西杀人犯逃亡途中嫖娼被抓_涉黄小姐被吓哭-10月9日 	28,733 	25,601 	31,535 	1.10 	28,733 	2,992 	0.10
开放高清 	爱情睡醒了(第21集).mp4 	爱情睡醒了(第21集) 	28,561 	22,823 	889,218 	31.13 	28,561 	37,283 	1.31
开放高清 	当婆婆遇上妈(第05集).mp4 	当婆婆遇上妈(第05集) 	28,270 	18,396 	626,489 	22.16 	28,270 	155,750 	5.51
开放高清 	江湖最后一个大佬.mp4 	江湖最后一个大佬(周星驰) 	28,076 	15,843 	670,338 	23.88 	27,998 	14,812 	0.53
开放高清 	康熙来了-20111006-如何拥有人人称羡好身材.mp4 	康熙来了-20111006-如何拥有人人称羡好身材 	28,031 	24,111 	790,655 	28.21 	28,031 	23,175 	0.83
开放高清 	爱情睡醒了(第19集).mp4 	爱情睡醒了(第19集) 	27,894 	22,066 	848,778 	30.43 	27,894 	33,277 	1.19
开放高清 	爱情睡醒了(第18集).mp4 	爱情睡醒了(第18集) 	27,773 	21,986 	879,207 	31.66 	27,773 	39,665 	1.43
开放高清 	爱情睡醒了(第17集).mp4 	爱情睡醒了(第17集) 	27,632 	21,681 	852,418 	30.85 	27,632 	31,186 	1.13
开放高清 	爱情睡醒了(第15集).mp4 	爱情睡醒了(第15集) 	26,580 	21,166 	836,496 	31.47 	26,580 	42,693 	1.61
开放高清 	朋友也上床.mp4 	朋友也上床(炮友关系) 	26,445 	23,088 	794,461 	30.04 	26,445 	22,234 	0.84
开放高清 	武侠(高清).mp4 	武侠(高清/甄子丹) 	25,941 	21,726 	1,196,021 	46.11 	25,941 	40,109 	1.55
开放高清 	美女匪帮.mp4 	美女匪帮 	25,857 	23,039 	349,491 	13.52 	25,781 	13,664 	0.53
开放高清 	爱情睡醒了(第13集).mp4 	爱情睡醒了(第13集) 	25,434 	20,087 	799,754 	31.44 	25,434 	30,937 	1.22
开放高清 	爱情睡醒了(第12集).mp4 	爱情睡醒了(第12集) 	25,261 	19,983 	780,071 	30.88 	25,261 	30,865 	1.22
开放高清 	爱情睡醒了(第10集).mp4 	爱情睡醒了(第10集) 	24,992 	19,617 	762,005 	30.49 	24,992 	29,900 	1.20
开放高清 	爱情睡醒了(第14集).mp4 	爱情睡醒了(第14集) 	24,770 	19,766 	757,600 	30.59 	24,770 	34,236 	1.38
开放高清 	佳节.mp4 	佳节(情色私生活) 	24,701 	21,054 	649,492 	26.29 	24,645 	24,358 	0.99
开放高清 	婚外初夜.mp4 	婚外初夜 	24,500 	21,724 	449,006 	18.33 	24,500 	11,753 	0.48
开放高清 	爱情睡醒了(第11集).mp4 	爱情睡醒了(第11集) 	24,241 	19,288 	759,929 	31.35 	24,241 	30,206 	1.25
开放高清 	爱情睡醒了(第09集).mp4 	爱情睡醒了(第09集) 	23,739 	18,987 	747,151 	31.47 	23,739 	31,455 	1.33
开放高清 	爱情睡醒了(第08集).mp4 	爱情睡醒了(第08集) 	23,730 	18,961 	718,056 	30.26 	23,729 	28,146 	1.19
开放高清 	非诚勿扰-20111002-绣球男能抛到爱情吗.mp4 	非诚勿扰-20111002-绣球男能抛到爱情吗 	23,454 	19,167 	803,504 	34.26 	23,454 	40,504 	1.73
开放高清 	4女子一丝不挂共赴裸体晚餐-10月7日.mp4 	【现场】4女子一丝不挂共赴裸体晚餐-10月7日 	23,205 	21,319 	23,702 	1.02 	23,205 	2,029 	0.09
开放高清 	万有引力(蓝光).mp4 	万有引力(蓝光/理性与肉欲间挣扎) 	23,122 	19,784 	911,428 	39.42 	23,121 	117,701 	5.09
开放高清 	爱情睡醒了(第07集).mp4 	爱情睡醒了(第07集) 	22,972 	18,231 	689,709 	30.02 	22,972 	30,085 	1.31
开放高清 	赌神.mp4 	赌神(赌王集合) 	22,731 	18,952 	1,085,284 	47.74 	22,439 	48,749 	2.17
开放高清 	爱情睡醒了(第02集).mp4 	爱情睡醒了(第02集) 	22,539 	17,817 	631,209 	28.01 	22,539 	27,196 	1.21
开放高清 	当婆婆遇上妈(片花).mp4 	当婆婆遇上妈(片花) 	22,429 	17,842 	333,153 	14.85 	22,429 	16,070 	0.72
开放高清 	边疆.mp4 	边疆(平复创伤) 	22,330 	20,002 	354,619 	15.88 	22,330 	12,276 	0.55
开放高清 	爱情睡醒了(第05集).mp4 	爱情睡醒了(第05集) 	21,505 	16,937 	642,492 	29.88 	21,504 	25,633 	1.19
开放高清 	爱情睡醒了(第06集).mp4 	爱情睡醒了(第06集) 	21,435 	17,256 	674,234 	31.45 	21,435 	29,042 	1.35
开放高清 	狙击精英：重装上阵.mp4 	狙击精英：重装上阵 	21,435 	18,473 	845,644 	39.45 	21,418 	20,398 	0.95
开放高清 	钻石夜总会-20111009-达人总决赛争夺晋级资格.mp4 	钻石夜总会-20111009-达人总决赛争夺晋级资格 	21,209 	18,676 	318,005 	14.99 	21,209 	24,322 	1.15
开放高清 	爱情睡醒了(第04集).mp4 	爱情睡醒了(第04集) 	21,193 	16,837 	635,401 	29.98 	21,193 	24,348 	1.15
开放高清 	我是真的(第02集)_V1.mp4 	我是真的(第02集) 	21,068 	15,972 	584,401 	27.74 	21,068 	67,905 	3.22
开放高清 	财神客栈(高清).mp4 	财神客栈(高清/谢霆锋阿SA) 	20,908 	17,325 	1,006,814 	48.15 	20,908 	42,789 	2.05
开放高清 	猿族崛起.mp4 	猿族崛起(猿人争霸战) 	20,852 	18,005 	1,041,219 	49.93 	20,852 	5,445 	0.26
开放高清 	潘金莲.mp4 	潘金莲(红杏出墙) 	20,767 	18,463 	255,652 	12.31 	20,767 	14,193 	0.68
开放高清 	爱情万万岁(第26集).mp4 	爱情万万岁(第26集) 	20,750 	15,880 	888,968 	42.84 	20,750 	22,186 	1.07
开放高清 	爱情睡醒了(第03集).mp4 	爱情睡醒了(第03集) 	20,470 	16,567 	621,350 	30.35 	20,470 	27,138 	1.33
开放高清 	荃加福禄寿探案(第04集).mp4 	荃加福禄寿探案(第04集) 	20,305 	16,295 	552,724 	27.22 	20,305 	17,129 	0.84
开放高清 	性与早餐.mp4 	性与早餐(婚姻和性) 	20,256 	17,534 	298,862 	14.75 	20,226 	14,803 	0.73
开放高清 	荃加福禄寿探案国语版(第01集).mp4 	荃加福禄寿探案国语版(第01集) 	19,624 	16,120 	497,007 	25.33 	19,624 	11,189 	0.57
开放高清 	少林僵尸.mp4 	少林僵尸(魔幻界) 	19,474 	15,892 	746,811 	38.35 	19,423 	20,842 	1.07
开放高清 	WWE摔角-铁笼大赛专辑20111003.mp4 	WWE摔角-铁笼大赛专辑20111003 	19,030 	15,536 	619,884 	32.57 	19,030 	26,385 	1.39
开放高清 	步步惊心蓝光(第01集).mp4 	步步惊心蓝光(第01集) 	18,843 	16,179 	313,312 	16.63 	18,843 	42,388 	2.25
开放高清 	武侠.mp4 	武侠(金城武汤唯) 	18,435 	15,790 	755,667 	40.99 	18,435 	6,123 	0.33
开放高清 	不速之约国语版(第20集).mp4 	不速之约国语版(第20集) 	18,095 	14,228 	595,793 	32.93 	18,095 	12,548 	0.69
开放高清 	我是真的(第03集)_V1.mp4 	我是真的(第03集) 	18,082 	13,512 	525,810 	29.08 	18,082 	41,353 	2.29
开放高清 	千次的吻(第15集).mp4 	千次的吻(第15集) 	17,885 	13,739 	754,097 	42.16 	17,885 	16,564 	0.93
开放高清 	侦探小说(第01集)_V1.mp4 	侦探小说(第01集) 	17,849 	15,153 	400,689 	22.45 	17,849 	22,633 	1.27
开放高清 	非诚勿扰-20111001-翻版Laughing哥亮相.mp4 	非诚勿扰-20111001-最美女足队员邂逅爱情 	17,704 	14,483 	714,503 	40.36 	17,704 	32,464 	1.83
开放高清 	我是真的(第04集)_V1.mp4 	我是真的(第04集) 	17,589 	11,614 	443,605 	25.22 	17,589 	29,918 	1.70
开放高清 	千次的吻(第01集)_V1.mp4 	千次的吻(第01集) 	17,495 	14,994 	246,023 	14.06 	17,495 	3,055 	0.17
开放高清 	喜羊羊与灰太狼之牛气冲天.mp4 	喜羊羊与灰太狼之牛气冲天 	17,390 	12,659 	469,992 	27.03 	17,201 	15,337 	0.89
开放高清 	你猜你猜你猜猜-20111008-美食部落客带路通化夜市.mp4 	你猜你猜你猜猜猜-20111008-美食部落客带路通化夜市 	17,235 	14,800 	668,247 	38.77 	17,235 	24,972 	1.45
开放高清 	17岁女生因意外怀孕跳楼自杀-10月9日.mp4 	17岁女生因意外怀孕跳楼自杀-10月9日 	17,101 	15,247 	18,565 	1.09 	17,101 	987 	0.06
开放高清 	荃加福禄寿探案(第02集).mp4 	荃加福禄寿探案(第02集) 	17,055 	14,246 	598,635 	35.10 	17,055 	18,463 	1.08
开放高清 	少年赌圣.mp4 	少年赌圣(搞笑离奇) 	17,051 	14,812 	762,990 	44.75 	16,946 	12,626 	0.75
开放高清 	当婆婆遇上妈(第06集).mp4 	当婆婆遇上妈(第06集) 	16,795 	11,888 	308,449 	18.37 	16,795 	72,529 	4.32
开放高清 	不速之约国语版(第01集).mp4 	不速之约国语版(第01集) 	16,778 	14,702 	358,771 	21.38 	16,778 	10,588 	0.63
开放高清 	快乐大本营-20111001-闫妮邓超陈嘉上.mp4 	快乐大本营-20111001-闫妮邓超陈嘉上 	16,683 	13,961 	913,174 	54.74 	16,683 	36,024 	2.16
开放高清 	我们结婚了第3季-20111008-SUJU夫妇(cut抢先版).mp4 	我们结婚了第3季-20111008-SUJU夫妇(cut抢先版) 	16,520 	13,167 	378,924 	22.94 	16,520 	14,760 	0.89
开放高清 	滑头鬼之孙-千年魔京(第15集).mp4 	滑头鬼之孙-千年魔京(第15集) 	16,469 	13,362 	352,208 	21.39 	16,469 	16,164 	0.98
开放高清 	宫锁心玉(第01集).mp4 	宫锁心玉(第01集) 	16,466 	9,308 	266,186 	16.17 	16,381 	20,887 	1.28
开放高清 	A片特攻队.mp4 	A片特攻队(诱惑你) 	16,453 	14,944 	179,073 	10.88 	16,439 	7,372 	0.45
开放高清 	荃加福禄寿探案(第03集).mp4 	荃加福禄寿探案(第03集) 	16,129 	13,171 	563,293 	34.92 	16,129 	16,788 	1.04
开放高清 	爱上查美乐(第01集).mp4 	爱上查美乐(第01集) 	15,985 	13,358 	357,660 	22.37 	15,985 	14,034 	0.88
开放高清 	精英部队2.mp4 	精英部队2 	15,961 	14,346 	427,025 	26.75 	15,750 	12,357 	0.78
开放高清 	追捕(第01集)_V1.mp4 	追捕(第01集) 	15,678 	13,012 	307,245 	19.60 	15,678 	9,621 	0.61
开放高清 	实拍黑窝点用病死猪熬油现场苍蝇乱飞-10月9日.mp4 	实拍黑窝点用病死猪熬油现场苍蝇乱飞-10月9日 	15,652 	13,795 	25,124 	1.61 	15,652 	3,055 	0.20
开放高清 	一夜情.mp4 	一夜情(高清) 	15,571 	13,103 	315,262 	20.25 	15,571 	6,806 	0.44
开放高清 	性感女模走秀内裤不慎脱落出糗-9月30日.mp4 	性感女模走秀内裤不慎脱落出糗 	15,406 	13,908 	16,709 	1.08 	15,406 	1,364 	0.09
开放高清 	不速之约(第20集)_V1.mp4 	不速之约(第20集) 	15,341 	12,664 	588,527 	38.36 	15,341 	24,780 	1.62
开放高清 	小资女孩向前冲(第07集).mp4 	小资女孩向前冲(第07集) 	15,149 	12,242 	498,437 	32.90 	15,149 	12,755 	0.84
开放高清 	台州女小偷被抓后遭暴打被扒光衣服受尽侮辱-10月9日.mp4 	台州女小偷被抓后遭暴打_被扒光衣服受尽侮辱-10月9日 	15,081 	13,600 	14,674 	0.97 	15,081 	528 	0.04
开放高清 	灭绝(高清).mp4 	灭绝(高清/杀手真人秀) 	14,876 	12,960 	490,402 	32.97 	14,876 	18,178 	1.22
开放高清 	小资女孩向前冲(第02集)_V1.mp4 	小资女孩向前冲(第02集) 	14,811 	11,886 	667,214 	45.05 	14,811 	31,073 	2.10
开放高清 	康熙来了-20111005-女明星得子秘方大公开_V1.mp4 	康熙来了-20111005-女明星得子秘方大公开 	14,713 	12,726 	567,762 	38.59 	14,713 	17,132 	1.16
开放高清 	北京奥巴马炸鸡店怕侵权更名为UFO-10月9日.mp4 	北京奥巴马炸鸡店_怕侵权更名为“UFO”-10月9日 	14,650 	13,592 	16,550 	1.13 	14,650 	604 	0.04
开放高清 	爱情万万岁(第25集).mp4 	爱情万万岁(第25集) 	14,279 	10,673 	615,424 	43.10 	14,279 	12,626 	0.88
开放高清 	性在够辣.mp4 	性在够辣(复仇强奸恶魔) 	14,214 	12,411 	401,374 	28.24 	14,214 	9,000 	0.63
开放高清 	昆明40名保安围殴少年致死事后称打错了-10月10日.mp4 	昆明40名保安围殴少年致死事后称打错了-10月10日 	14,171 	12,053 	16,903 	1.19 	14,171 	3,078 	0.22
开放高清 	倾世皇妃预告片111001.mp4 	倾世皇妃预告片111001 	14,102 	12,342 	12,990 	0.92 	14,102 	1,685 	0.12
开放高清 	笑太极.mp4 	(1984)笑太极 	14,096 	12,500 	461,041 	32.71 	14,012 	11,323 	0.81
开放高清 	名侦探柯南(第636集).mp4 	名侦探柯南(第636集) 	14,042 	11,600 	308,786 	21.99 	14,042 	10,620 	0.76
开放高清 	马迭尔旅馆的枪声(第01集)_V1.mp4 	马迭尔旅馆的枪声(第01集) 	13,793 	12,027 	241,383 	17.50 	13,793 	12,420 	0.90
开放高清 	中国货船在泰国遇袭疑是毒贩所为-10月10日.mp4 	中国货船在泰国遇袭_疑是毒贩所为-10月10日 	13,547 	10,994 	3,189 	0.24 	13,547 	978 	0.07
开放高清 	小资女孩向前冲(第06集)_V1.mp4 	小资女孩向前冲(第06集) 	13,499 	10,371 	545,002 	40.37 	13,499 	19,105 	1.42
开放高清 	台湾骨灰级苹果迷花22年收藏苹果产品-10月9日.mp4 	台湾“骨灰级”苹果迷_花22年收藏苹果产品-10月9日 	13,484 	12,386 	16,743 	1.24 	13,484 	966 	0.07
开放高清 	性欲熏心.mp4 	性欲熏心 	13,421 	11,917 	213,662 	15.92 	13,421 	7,494 	0.56
开放高清 	小资女孩向前冲(第03集)_V1.mp4 	小资女孩向前冲(第03集) 	13,413 	10,563 	596,324 	44.46 	13,413 	21,539 	1.61
开放高清 	海贼王(第001集).mp4 	海贼王(第001集) 	13,397 	11,681 	70,855 	5.29 	13,293 	2,605 	0.20
开放高清 	你真漂亮(第135集).mp4 	你真漂亮(第135集) 	13,333 	10,600 	387,627 	29.07 	13,333 	9,618 	0.72
开放高清 	机动战士高达AGE(第01集).mp4 	机动战士高达AGE(第01集) 	13,299 	10,700 	184,904 	13.90 	13,299 	8,910 	0.67
开放高清 	无人驾驶.mp4 	无人驾驶(网络独播) 	13,107 	11,738 	393,253 	30.00 	12,869 	11,735 	0.91
开放高清 	老公看你的-20111007-史上最彪悍全能老婆.mp4 	老公看你的-20111007-史上最彪悍全能老婆 	13,074 	11,971 	218,921 	16.74 	13,074 	12,024 	0.92
开放高清 	游戏小道花边-20110926-张婉悠全裸出镜.mp4 	[美女]_张婉悠全裸出镜 	13,043 	11,355 	55,892 	4.29 	13,043 	5,391 	0.41
开放高清 	肩上蝶(高清)_V1.mp4 	肩上蝶(高清/陈坤梁咏琪) 	12,992 	11,458 	416,973 	32.09 	12,992 	13,870 	1.07
开放高清 	神枪手(高清).mp4 	神枪手(高清) 	12,976 	10,751 	529,826 	40.83 	12,880 	27,083 	2.10
开放高清 	倾世皇妃(片花).mp4 	倾世皇妃(片花) 	12,911 	10,969 	107,724 	8.34 	12,911 	2,296 	0.18
开放高清 	海贼王(第517集).mp4 	海贼王(第517集) 	12,718 	10,669 	176,340 	13.87 	12,718 	7,837 	0.62
开放高清 	尖叫的女妖.mp4 	尖叫的女妖(尖叫杀人) 	12,715 	11,181 	373,977 	29.41 	12,715 	3,973 	0.31
开放高清 	翻转.mp4 	翻转(美国最新动作片) 	12,578 	11,486 	351,252 	27.93 	12,578 	9,178 	0.73
开放高清 	女巫季节(蓝光).mp4 	女巫季节(蓝光/魔女神兵) 	12,536 	10,622 	562,795 	44.89 	12,528 	44,582 	3.56
开放高清 	守护boss(第01集)_V1.mp4 	守护boss(第01集) 	12,531 	10,703 	350,682 	27.99 	12,531 	14,632 	1.17
开放高清 	美女与野兽新世纪激情篇.mp4 	美女与野兽-新世纪激情篇(野兽男孩) 	12,437 	11,034 	231,294 	18.60 	12,437 	4,242 	0.34
  	  	合计 	6,678,402 	5,356,966 	198,756,651 	29.76 	6,676,472 	8,704,281 	1.30
