开放高清 	当婆婆遇上妈(第01集).mp4 	当婆婆遇上妈(第01集) 	199,012 	149,492 	4,957,179 	24.91 	199,011 	229,320 	1.15
开放高清 	非诚勿扰-20111009-美国专场女嘉宾都是高学历.mp4 	非诚勿扰-20111009-美国专场女嘉宾都是高学历 	182,157 	130,800 	8,536,445 	46.86 	182,153 	428,197 	2.35
开放高清 	法证先锋3(第01集).mp4 	法证先锋3(第01集) 	178,142 	146,029 	4,760,606 	26.72 	178,142 	247,732 	1.39
开放高清 	当婆婆遇上妈(第05集).mp4 	当婆婆遇上妈(第05集) 	170,444 	110,912 	4,830,895 	28.34 	170,442 	205,379 	1.20
开放高清 	当婆婆遇上妈(第06集).mp4 	当婆婆遇上妈(第06集) 	160,404 	103,966 	4,030,254 	25.13 	160,404 	172,709 	1.08
开放高清 	康熙来了-20111010-明星拍戏必备小物.mp4 	康熙来了-20111010-明星拍戏必备小物 	151,863 	131,431 	5,154,732 	33.94 	151,862 	144,643 	0.95
开放高清 	出轨的女人.mp4 	出轨的女人(三角女同爱情) 	144,037 	115,027 	3,904,133 	27.11 	144,037 	143,032 	0.99
开放高清 	当婆婆遇上妈(第04集).mp4 	当婆婆遇上妈(第04集) 	133,295 	96,049 	3,827,574 	28.72 	133,295 	144,812 	1.09
开放高清 	当婆婆遇上妈(第02集).mp4 	当婆婆遇上妈(第02集) 	123,736 	95,227 	4,076,795 	32.95 	123,736 	149,432 	1.21
开放高清 	当婆婆遇上妈(第03集).mp4 	当婆婆遇上妈(第03集) 	119,185 	95,327 	4,152,137 	34.84 	119,185 	157,057 	1.32
开放高清 	快乐大本营-20111008-美女蔡妍李多海.mp4 	快乐大本营-20111008-美女蔡妍李多海 	86,094 	72,140 	4,196,684 	48.75 	86,093 	225,962 	2.62
开放高清 	步步惊心(第01集).mp4 	步步惊心(第01集) 	82,528 	66,136 	1,421,970 	17.23 	82,527 	84,829 	1.03
开放高清 	法证先锋3国语版(第01集).mp4 	法证先锋3国语版(第01集) 	79,541 	65,091 	2,985,983 	37.54 	79,541 	64,923 	0.82
开放高清 	游戏小道花边-20111008-S崎巯娜盏男〖拍_V1.mp4 	17岁童颜巨乳夏日写真 	74,438 	55,225 	172,811 	2.32 	74,437 	19,598 	0.26
开放高清 	下女(高清).mp4 	下女(高清/侍女) 	72,240 	64,227 	1,288,014 	17.83 	72,240 	115,844 	1.60
开放高清 	新僵尸先生.mp4 	新僵尸先生(茅山道士) 	59,422 	51,216 	1,728,130 	29.08 	59,356 	35,217 	0.59
开放高清 	非诚勿扰-20111008-小眼男遭女方大胆告白.mp4 	非诚勿扰-20111008-小眼男遭女方大胆告白 	58,701 	44,925 	3,034,824 	51.70 	58,701 	149,271 	2.54
开放高清 	武汉色魔挖地窖囚禁2名少女作为性奴-10月9日.mp4 	武汉色魔挖地窖囚禁2名少女作为性奴 	56,811 	41,552 	9,855 	0.17 	56,810 	2,386 	0.04
开放高清 	步步惊心(第35集).mp4 	步步惊心(第35集) 	56,026 	45,181 	1,869,685 	33.37 	56,026 	91,636 	1.64
开放高清 	小资女孩向前冲(第08集).mp4 	小资女孩向前冲(第08集) 	55,891 	42,098 	2,862,143 	51.21 	55,891 	89,660 	1.60
开放高清 	广州13岁少女遭诱拐与中年男同居15个月－10月11日.mp4 	广州13岁少女遭中年男子诱拐_囚禁小木屋同居15个月－10月11日 	53,326 	48,491 	168,281 	3.16 	53,326 	20,170 	0.38
开放高清 	万有引力(高清).mp4 	万有引力(高清/理性与肉欲间挣扎) 	52,500 	44,124 	2,302,512 	43.86 	52,500 	89,109 	1.70
开放高清 	全球热恋(高清).mp4 	全球热恋(高清/桂纶镁郭富城) 	50,673 	44,320 	2,347,051 	46.32 	50,672 	62,060 	1.22
开放高清 	热浪球爱战(高清).mp4 	热浪球爱战(高清/胸涌来袭) 	49,729 	43,729 	879,999 	17.70 	49,729 	40,555 	0.82
开放高清 	海贼王(第518集).mp4 	海贼王(第518集) 	45,382 	33,525 	728,055 	16.04 	45,382 	39,756 	0.88
开放高清 	爱情睡醒了(第40集).mp4 	爱情睡醒了(第40集) 	44,100 	34,991 	1,373,500 	31.15 	44,100 	63,690 	1.44
开放高清 	孤岛惊魂(高清)_V1.mp4 	孤岛惊魂(高清/杨幂) 	42,534 	35,736 	1,901,206 	44.70 	42,534 	83,849 	1.97
开放高清 	荃加福禄寿探案(第05集).mp4 	荃加福禄寿探案(第05集) 	41,484 	32,881 	1,662,524 	40.08 	41,484 	98,222 	2.37
开放高清 	步步惊心(第02集).mp4 	步步惊心(第02集) 	40,996 	33,333 	1,088,385 	26.55 	40,996 	44,217 	1.08
开放高清 	新熟女时代.mp4 	新熟女时代(再玩女士们) 	40,832 	30,760 	729,833 	17.87 	40,822 	27,064 	0.66
开放高清 	爱情睡醒了(第01集).mp4 	爱情睡醒了(第01集) 	40,757 	33,088 	717,987 	17.62 	40,757 	41,218 	1.01
开放高清 	步步惊心(第34集).mp4 	步步惊心(第34集) 	39,776 	32,416 	1,349,631 	33.93 	39,775 	53,639 	1.35
开放高清 	梦回鹿鼎记.mp4 	梦回鹿鼎记(步步惊心番外篇) 	39,466 	35,387 	464,526 	11.77 	39,466 	14,503 	0.37
开放高清 	我是真的(第01集)_V1.mp4 	我是真的(第01集) 	38,940 	31,797 	789,737 	20.28 	38,940 	43,901 	1.13
开放高清 	爱情睡醒了(第25集).mp4 	爱情睡醒了(第25集) 	38,071 	22,284 	825,176 	21.67 	38,071 	33,901 	0.89
开放高清 	步步惊心(第33集).mp4 	步步惊心(第33集) 	37,964 	29,006 	1,261,135 	33.22 	37,964 	43,546 	1.15
开放高清 	赤裸特工.mp4 	赤裸特工(床上杀手) 	37,910 	31,216 	1,253,986 	33.08 	37,764 	46,668 	1.24
开放高清 	步步惊心(第30集).mp4 	步步惊心(第30集) 	36,843 	28,336 	1,230,271 	33.39 	36,843 	42,858 	1.16
开放高清 	步步惊心(第32集).mp4 	步步惊心(第32集) 	36,814 	28,317 	1,215,768 	33.02 	36,814 	42,375 	1.15
开放高清 	步步惊心(第25集).mp4 	步步惊心(第25集) 	35,759 	28,205 	1,171,526 	32.76 	35,759 	38,523 	1.08
开放高清 	步步惊心(第26集).mp4 	步步惊心(第26集) 	35,326 	27,840 	1,186,773 	33.59 	35,326 	36,613 	1.04
开放高清 	步步惊心(第27集).mp4 	步步惊心(第27集) 	34,858 	27,751 	1,186,653 	34.04 	34,858 	37,353 	1.07
开放高清 	步步惊心(第28集).mp4 	步步惊心(第28集) 	34,746 	27,780 	1,167,498 	33.60 	34,746 	39,675 	1.14
开放高清 	水性杨花.mp4 	水性杨花(放荡) 	34,701 	31,046 	299,473 	8.63 	34,701 	15,058 	0.43
开放高清 	实拍山东农村艳舞表演警车停棚外维持秩序-10月10日.mp4 	实拍山东农村“艳舞”表演_警车停棚外维持秩序 	34,606 	31,736 	158,879 	4.59 	34,605 	5,372 	0.16
开放高清 	步步惊心(第29集).mp4 	步步惊心(第29集) 	34,430 	27,785 	1,222,970 	35.52 	34,430 	40,277 	1.17
开放高清 	步步惊心(第31集).mp4 	步步惊心(第31集) 	34,338 	27,834 	1,230,806 	35.84 	34,338 	41,225 	1.20
开放高清 	实拍泰国警方打捞中国遇袭船员尸体现场-10月11日.mp4 	实拍泰国警方打捞中国遇袭船员尸体现场-10月11日 	33,677 	30,028 	98,956 	2.94 	33,677 	6,078 	0.18
开放高清 	爱情睡醒了(第39集).mp4 	爱情睡醒了(第39集) 	32,460 	25,762 	1,028,084 	31.67 	32,460 	41,867 	1.29
开放高清 	钻石夜总会-20111009-达人总决赛争夺晋级资格.mp4 	钻石夜总会-20111009-达人总决赛争夺晋级资格 	32,310 	27,776 	544,620 	16.86 	32,309 	27,279 	0.84
开放高清 	步步惊心(第24集).mp4 	步步惊心(第24集) 	31,704 	25,554 	1,092,254 	34.45 	31,704 	33,891 	1.07
开放高清 	步步惊心(第04集).mp4 	步步惊心(第04集) 	31,689 	24,527 	1,004,000 	31.68 	31,689 	36,756 	1.16
开放高清 	荃加福禄寿探案国语版(第05集).mp4 	荃加福禄寿探案国语版(第05集) 	31,642 	24,760 	1,183,890 	37.42 	31,642 	27,609 	0.87
开放高清 	步步惊心(第21集).mp4 	步步惊心(第21集) 	31,535 	25,153 	1,104,712 	35.03 	31,534 	35,959 	1.14
开放高清 	步步惊心(第22集).mp4 	步步惊心(第22集) 	31,491 	25,425 	1,122,135 	35.63 	31,491 	35,692 	1.13
开放高清 	步步惊心(第10集).mp4 	步步惊心(第10集) 	31,429 	23,962 	1,039,785 	33.08 	31,429 	35,749 	1.14
开放高清 	步步惊心高清(第03集).mp4 	步步惊心(第03集) 	31,371 	25,197 	1,029,821 	32.83 	31,371 	40,918 	1.30
开放高清 	爱情睡醒了(第32集).mp4 	爱情睡醒了(第32集) 	31,308 	22,888 	883,349 	28.21 	31,308 	30,258 	0.97
开放高清 	步步惊心(第23集).mp4 	步步惊心(第23集) 	31,297 	25,152 	1,083,507 	34.62 	31,297 	35,154 	1.12
开放高清 	小资女孩向前冲(第01集)_V2.mp4 	小资女孩向前冲(第01集) 	31,084 	25,692 	976,540 	31.42 	31,084 	47,345 	1.52
开放高清 	步步惊心(第07集).mp4 	步步惊心(第07集) 	30,962 	23,540 	997,874 	32.23 	30,962 	35,904 	1.16
开放高清 	步步惊心(第18集).mp4 	步步惊心(第18集) 	30,916 	24,648 	1,074,924 	34.77 	30,916 	30,768 	1.00
开放高清 	爱情睡醒了(第38集).mp4 	爱情睡醒了(第38集) 	30,833 	24,304 	946,136 	30.69 	30,832 	36,584 	1.19
开放高清 	步步惊心(第05集).mp4 	步步惊心(第05集) 	30,831 	23,957 	1,002,621 	32.52 	30,831 	35,997 	1.17
开放高清 	步步惊心(第08集).mp4 	步步惊心(第08集) 	30,830 	23,429 	1,010,002 	32.76 	30,830 	32,592 	1.06
开放高清 	荃加福禄寿探案(第01集).mp4 	荃加福禄寿探案(第01集) 	30,731 	27,044 	576,433 	18.76 	30,731 	27,648 	0.90
开放高清 	步步惊心(第06集).mp4 	步步惊心(第06集) 	30,698 	23,544 	982,868 	32.02 	30,698 	37,456 	1.22
开放高清 	步步惊心(第20集).mp4 	步步惊心(第20集) 	30,627 	24,880 	1,083,419 	35.37 	30,627 	33,323 	1.09
开放高清 	诊所惊魂(高清).mp4 	诊所惊魂(高清/诊所) 	30,414 	26,765 	1,098,308 	36.11 	30,414 	59,145 	1.94
开放高清 	步步惊心(第13集).mp4 	步步惊心(第13集) 	30,396 	24,098 	1,032,642 	33.97 	30,396 	33,170 	1.09
开放高清 	步步惊心(第09集).mp4 	步步惊心(第09集) 	30,383 	23,345 	1,017,733 	33.50 	30,383 	34,246 	1.13
开放高清 	实拍商场性感女模人体彩绘引众人围观-10月10日.mp4 	实拍商场性感女模人体彩绘引众人围观-10月10日 	30,367 	27,133 	31,837 	1.05 	30,367 	2,496 	0.08
开放高清 	步步惊心(第19集).mp4 	步步惊心(第19集) 	30,234 	24,313 	1,048,062 	34.67 	30,234 	34,163 	1.13
开放高清 	爱情睡醒了(第31集).mp4 	爱情睡醒了(第31集) 	30,200 	22,430 	872,994 	28.91 	30,200 	32,227 	1.07
开放高清 	步步惊心(第16集).mp4 	步步惊心(第16集) 	30,080 	24,164 	1,039,105 	34.54 	30,080 	33,993 	1.13
开放高清 	爱情睡醒了(第37集).mp4 	爱情睡醒了(第37集) 	29,764 	23,462 	935,981 	31.45 	29,764 	30,429 	1.02
开放高清 	步步惊心(第17集).mp4 	步步惊心(第17集) 	29,746 	23,860 	1,050,401 	35.31 	29,746 	34,837 	1.17
开放高清 	步步惊心(第12集).mp4 	步步惊心(第12集) 	29,693 	23,699 	977,194 	32.91 	29,693 	31,692 	1.07
开放高清 	步步惊心(第14集).mp4 	步步惊心(第14集) 	29,649 	23,476 	1,022,629 	34.49 	29,649 	32,997 	1.11
开放高清 	步步惊心(第15集).mp4 	步步惊心(第15集) 	29,240 	23,263 	1,001,754 	34.26 	29,240 	34,311 	1.17
开放高清 	爱情睡醒了(第33集).mp4 	爱情睡醒了(第33集) 	29,123 	23,007 	910,299 	31.26 	29,123 	35,018 	1.20
开放高清 	爱情睡醒了(第34集).mp4 	爱情睡醒了(第34集) 	29,080 	22,183 	859,915 	29.57 	29,080 	32,447 	1.12
开放高清 	步步惊心(第11集).mp4 	步步惊心(第11集) 	28,956 	23,191 	968,725 	33.46 	28,955 	35,348 	1.22
开放高清 	佳节.mp4 	佳节(情色私生活) 	28,881 	24,645 	733,486 	25.40 	28,812 	30,750 	1.07
开放高清 	爱情睡醒了(第36集).mp4 	爱情睡醒了(第36集) 	28,606 	22,906 	900,451 	31.48 	28,606 	35,507 	1.24
开放高清 	爱情睡醒了(第28集).mp4 	爱情睡醒了(第28集) 	28,134 	22,188 	845,088 	30.04 	28,134 	33,145 	1.18
开放高清 	爱情睡醒了(第35集).mp4 	爱情睡醒了(第35集) 	28,131 	22,552 	884,939 	31.46 	28,131 	34,947 	1.24
开放高清 	爱情睡醒了(第30集).mp4 	爱情睡醒了(第30集) 	27,786 	22,013 	873,846 	31.45 	27,786 	41,293 	1.49
开放高清 	爱情睡醒了(第26集).mp4 	爱情睡醒了(第26集) 	27,633 	21,956 	843,364 	30.52 	27,633 	30,389 	1.10
开放高清 	爱情睡醒了(第27集).mp4 	爱情睡醒了(第27集) 	27,418 	21,696 	853,533 	31.13 	27,418 	32,857 	1.20
开放高清 	康熙来了-20111007-半百男人的感情食物链.mp4 	康熙来了-20111007-半百男人的感情食物链 	27,276 	23,865 	733,794 	26.90 	27,276 	22,979 	0.84
开放高清 	当婆婆遇上妈(第07集).mp4 	当婆婆遇上妈(第07集) 	27,236 	20,933 	802,731 	29.47 	27,236 	205,915 	7.56
开放高清 	爱情睡醒了(第29集).mp4 	爱情睡醒了(第29集) 	26,647 	21,144 	852,538 	31.99 	26,647 	31,755 	1.19
开放高清 	爱情睡醒了(第24集).mp4 	爱情睡醒了(第24集) 	26,066 	20,644 	810,733 	31.10 	26,066 	32,712 	1.25
开放高清 	爱情睡醒了(第23集).mp4 	爱情睡醒了(第23集) 	25,806 	20,422 	817,290 	31.67 	25,806 	32,577 	1.26
开放高清 	江湖最后一个大佬.mp4 	江湖最后一个大佬(周星驰) 	25,429 	16,029 	668,186 	26.28 	25,347 	13,939 	0.55
开放高清 	爱情睡醒了(第20集).mp4 	爱情睡醒了(第20集) 	25,275 	20,043 	759,501 	30.05 	25,275 	34,062 	1.35
开放高清 	爱情睡醒了(第22集).mp4 	爱情睡醒了(第22集) 	25,153 	20,114 	800,440 	31.82 	25,153 	29,293 	1.16
开放高清 	美女匪帮.mp4 	美女匪帮 	25,114 	22,469 	353,545 	14.08 	25,074 	14,562 	0.58
开放高清 	爱情睡醒了(第21集).mp4 	爱情睡醒了(第21集) 	24,913 	19,826 	762,923 	30.62 	24,913 	32,220 	1.29
开放高清 	武侠(高清).mp4 	武侠(高清/甄子丹) 	24,877 	20,759 	1,209,820 	48.63 	24,877 	36,397 	1.46
开放高清 	狼牙.mp4 	狼牙(铁血军人) 	24,829 	15,371 	854,262 	34.41 	24,820 	29,727 	1.20
开放高清 	爱情睡醒了(第16集).mp4 	爱情睡醒了(第16集) 	24,677 	19,224 	712,768 	28.88 	24,677 	29,610 	1.20
开放高清 	爱情睡醒了(第19集).mp4 	爱情睡醒了(第19集) 	24,507 	19,324 	739,178 	30.16 	24,507 	27,423 	1.12
开放高清 	爱情睡醒了(第18集).mp4 	爱情睡醒了(第18集) 	24,021 	18,956 	752,579 	31.33 	24,021 	33,426 	1.39
开放高清 	火影忍者(第451集).mp4 	火影忍者(第451集) 	23,956 	20,762 	392,424 	16.38 	23,956 	12,662 	0.53
开放高清 	性与早餐.mp4 	性与早餐(婚姻和性) 	23,875 	20,464 	333,675 	13.98 	23,849 	15,196 	0.64
开放高清 	婚外初夜.mp4 	婚外初夜 	23,777 	21,087 	452,758 	19.04 	23,777 	11,025 	0.46
开放高清 	爱情睡醒了(第17集).mp4 	爱情睡醒了(第17集) 	23,640 	18,602 	737,148 	31.18 	23,640 	29,725 	1.26
开放高清 	天天向上-20111007-双生少女成长记.mp4 	天天向上-20111007-双生少女成长记 	23,543 	19,823 	1,283,118 	54.50 	23,542 	55,639 	2.36
开放高清 	朋友也上床.mp4 	朋友也上床(炮友关系) 	23,181 	20,246 	697,269 	30.08 	23,181 	17,136 	0.74
开放高清 	爱情睡醒了(第15集).mp4 	爱情睡醒了(第15集) 	22,484 	18,079 	703,066 	31.27 	22,484 	33,528 	1.49
开放高清 	赌神.mp4 	赌神(赌王集合) 	22,016 	18,401 	1,062,152 	48.24 	21,687 	53,333 	2.46
开放高清 	我是真的(第06集)_V1.mp4 	我是真的(第06集) 	21,993 	14,321 	564,614 	25.67 	21,993 	26,921 	1.22
开放高清 	爱情睡醒了(第13集).mp4 	爱情睡醒了(第13集) 	21,723 	17,115 	653,397 	30.08 	21,723 	25,646 	1.18
开放高清 	我是真的(第02集)_V1.mp4 	我是真的(第02集) 	21,521 	15,194 	616,756 	28.66 	21,521 	26,021 	1.21
开放高清 	我是真的(第04集)_V1.mp4 	我是真的(第04集) 	21,455 	16,087 	650,754 	30.33 	21,455 	21,742 	1.01
开放高清 	爱情睡醒了(第12集).mp4 	爱情睡醒了(第12集) 	21,419 	16,885 	652,685 	30.47 	21,419 	27,230 	1.27
开放高清 	小资女孩向前冲(第07集)_V1.mp4 	小资女孩向前冲(第07集) 	21,238 	16,468 	746,121 	35.13 	21,238 	38,072 	1.79
开放高清 	千次的吻(第16集).mp4 	千次的吻(第16集) 	21,141 	14,497 	771,140 	36.48 	21,141 	16,456 	0.78
开放高清 	财神客栈(高清).mp4 	财神客栈(高清/谢霆锋阿SA) 	21,013 	17,458 	989,381 	47.08 	21,012 	36,808 	1.75
开放高清 	爱情睡醒了(第02集).mp4 	爱情睡醒了(第02集) 	20,990 	16,836 	597,895 	28.48 	20,989 	22,915 	1.09
开放高清 	狙击精英：重装上阵.mp4 	狙击精英：重装上阵 	20,780 	17,709 	795,606 	38.29 	20,768 	17,771 	0.86
开放高清 	背后的故事-20111009-步步惊心之吴奇隆的辛酸.mp4 	背后的故事-20111009-步步惊心(下) 	20,771 	17,125 	595,854 	28.69 	20,771 	19,179 	0.92
开放高清 	爱情睡醒了(第14集).mp4 	爱情睡醒了(第14集) 	20,692 	16,659 	637,405 	30.80 	20,691 	27,452 	1.33
开放高清 	爱情睡醒了(第10集).mp4 	爱情睡醒了(第10集) 	20,690 	16,334 	631,129 	30.50 	20,690 	26,146 	1.26
开放高清 	潘金莲.mp4 	潘金莲(红杏出墙) 	20,644 	18,494 	251,333 	12.17 	20,644 	12,946 	0.63
开放高清 	RunningMan-20111009-少女时代特辑(下).mp4 	RunningMan-20111009-少女时代特辑(下) 	20,418 	16,319 	1,415,266 	69.31 	20,418 	30,724 	1.50
开放高清 	爱情睡醒了(第11集).mp4 	爱情睡醒了(第11集) 	20,217 	16,053 	619,850 	30.66 	20,217 	24,951 	1.23
开放高清 	猿族崛起.mp4 	猿族崛起(猿人争霸战) 	20,161 	17,545 	1,019,649 	50.58 	20,161 	5,149 	0.26
开放高清 	康熙来了-20111006-如何拥有人人称羡好身材.mp4 	康熙来了-20111006-如何拥有人人称羡好身材 	20,159 	17,090 	544,512 	27.01 	20,159 	15,467 	0.77
开放高清 	爱情睡醒了(第09集).mp4 	爱情睡醒了(第09集) 	19,878 	15,828 	613,903 	30.88 	19,878 	24,986 	1.26
开放高清 	爱情睡醒了(第08集).mp4 	爱情睡醒了(第08集) 	19,742 	15,794 	592,596 	30.02 	19,742 	22,475 	1.14
开放高清 	大学生了没-20111010-恋爱教室第7堂拯救失恋大作战.mp4 	大学生了没-20111010-恋爱教室第7堂拯救失恋大作战 	19,720 	17,643 	430,027 	21.81 	19,720 	16,790 	0.85
开放高清 	爱情睡醒了(第07集).mp4 	爱情睡醒了(第07集) 	19,313 	15,364 	572,075 	29.62 	19,313 	23,724 	1.23
开放高清 	少林僵尸.mp4 	少林僵尸(魔幻界) 	19,181 	15,700 	759,274 	39.58 	19,142 	20,228 	1.06
开放高清 	一夜情.mp4 	一夜情(高清) 	18,962 	16,209 	380,281 	20.05 	18,962 	10,020 	0.53
开放高清 	步步惊心蓝光(第01集).mp4 	步步惊心蓝光(第01集) 	18,889 	16,267 	280,932 	14.87 	18,889 	38,894 	2.06
开放高清 	爱情睡醒了(第05集).mp4 	爱情睡醒了(第05集) 	18,840 	14,943 	574,600 	30.50 	18,840 	23,256 	1.23
开放高清 	肩上蝶(高清)_V1.mp4 	肩上蝶(高清/陈坤梁咏琪) 	18,801 	16,852 	535,342 	28.47 	18,801 	19,493 	1.04
开放高清 	爱情睡醒了(第03集).mp4 	爱情睡醒了(第03集) 	18,731 	15,199 	562,307 	30.02 	18,731 	23,785 	1.27
开放高清 	女巫季节(蓝光).mp4 	女巫季节(蓝光/魔女神兵) 	18,719 	15,949 	790,110 	42.21 	18,715 	69,521 	3.71
开放高清 	爱情睡醒了(第04集).mp4 	爱情睡醒了(第04集) 	18,630 	14,985 	564,895 	30.32 	18,630 	20,878 	1.12
开放高清 	非诚勿扰-20111002-绣球男能抛到爱情吗.mp4 	非诚勿扰-20111002-励志哥牵手美女嘉宾 	18,602 	15,346 	664,480 	35.72 	18,602 	28,946 	1.56
开放高清 	爱情睡醒了(第06集).mp4 	爱情睡醒了(第06集) 	18,426 	14,834 	570,998 	30.99 	18,426 	21,172 	1.15
开放高清 	我是真的(第03集)_V1.mp4 	我是真的(第03集) 	18,378 	14,977 	638,919 	34.77 	18,378 	22,790 	1.24
开放高清 	荃加福禄寿探案国语版(第01集).mp4 	荃加福禄寿探案国语版(第01集) 	18,358 	14,924 	423,766 	23.08 	18,358 	9,648 	0.53
开放高清 	WWE摔角-铁笼大赛专辑20111003.mp4 	WWE摔角-铁笼大赛专辑20111003 	18,172 	14,541 	518,671 	28.54 	18,172 	21,126 	1.16
开放高清 	侦探小说(第01集)_V1.mp4 	侦探小说(第01集) 	17,887 	15,343 	335,208 	18.74 	17,887 	21,186 	1.18
开放高清 	武侠.mp4 	武侠(金城武汤唯) 	17,859 	15,442 	726,541 	40.68 	17,859 	6,534 	0.37
开放高清 	当婆婆遇上妈(第08集).mp4 	当婆婆遇上妈(第08集) 	17,491 	14,189 	454,449 	25.98 	17,491 	103,050 	5.89
开放高清 	少年赌圣.mp4 	少年赌圣(搞笑离奇) 	17,277 	14,925 	775,618 	44.89 	17,163 	11,004 	0.64
开放高清 	当婆婆遇上妈(片花).mp4 	当婆婆遇上妈(片花) 	17,242 	14,024 	211,734 	12.28 	17,242 	12,456 	0.72
开放高清 	我是真的(第05集)_V1.mp4 	我是真的(第05集) 	17,238 	13,592 	582,884 	33.81 	17,237 	43,122 	2.50
开放高清 	曝功夫校长暴打学生校长被免职-10月11日.mp4 	【现场】曝“功夫校长”暴打学生_校长被免职-10月11日 	16,975 	15,677 	67,478 	3.98 	16,975 	2,694 	0.16
开放高清 	喜羊羊与灰太狼之牛气冲天.mp4 	喜羊羊与灰太狼之牛气冲天 	16,879 	12,348 	445,679 	26.40 	16,675 	19,946 	1.20
开放高清 	迷途追凶国语版(高清).mp4 	迷途追凶国语版(高清/黄秋生任贤齐) 	16,663 	14,463 	780,180 	46.82 	16,663 	21,505 	1.29
开放高清 	小资女孩向前冲(第02集)_V1.mp4 	小资女孩向前冲(第02集) 	16,216 	12,733 	733,203 	45.21 	16,216 	30,057 	1.85
开放高清 	美女与野兽新世纪激情篇.mp4 	美女与野兽-新世纪激情篇(野兽男孩) 	15,978 	14,215 	290,496 	18.18 	15,978 	4,016 	0.25
开放高清 	A片特攻队.mp4 	A片特攻队(诱惑你) 	15,901 	14,460 	166,444 	10.47 	15,893 	8,317 	0.52
开放高清 	爱情连连看-20111010-熊亮宋慧瑛牵手成功.mp4 	爱情连连看-20111010-熊亮宋慧瑛牵手成功 	15,673 	12,119 	784,092 	50.03 	15,673 	51,019 	3.26
开放高清 	华西村328米高楼被指炫富回应不介意-10月11日.mp4 	【社会】华西村328米高楼被指炫富_回应“不介意”-10月11日 	15,586 	14,080 	30,401 	1.95 	15,586 	1,662 	0.11
开放高清 	素食主义者.mp4 	素食主义者 	15,585 	13,850 	280,977 	18.03 	15,583 	13,552 	0.87
开放高清 	荃加福禄寿探案(第04集).mp4 	荃加福禄寿探案(第04集) 	15,547 	12,885 	471,614 	30.33 	15,547 	15,262 	0.98
开放高清 	精英部队2.mp4 	精英部队2 	15,477 	13,815 	424,545 	27.43 	15,298 	9,937 	0.65
开放高清 	小资女孩向前冲(第05集)_V1.mp4 	小资女孩向前冲(第05集) 	15,003 	10,757 	620,178 	41.34 	15,003 	29,722 	1.98
开放高清 	小资女孩向前冲(第03集)_V1.mp4 	小资女孩向前冲(第03集) 	14,902 	11,600 	678,361 	45.52 	14,902 	26,224 	1.76
开放高清 	非诚勿扰-20111001-翻版Laughing哥亮相.mp4 	非诚勿扰-20111001-最美女足队员邂逅爱情 	14,824 	12,153 	637,352 	42.99 	14,824 	28,664 	1.93
开放高清 	小资女孩向前冲(第06集)_V1.mp4 	小资女孩向前冲(第06集) 	14,679 	11,089 	617,446 	42.06 	14,679 	25,153 	1.71
开放高清 	房不剩防(高清)_V1.mp4 	房不剩防(高清/销魂“房事”) 	14,421 	12,195 	377,552 	26.18 	14,421 	18,586 	1.29
开放高清 	笑太极.mp4 	笑太极(甄子丹) 	14,325 	12,623 	463,320 	32.34 	14,220 	10,820 	0.76
开放高清 	宫锁心玉(第01集).mp4 	宫锁心玉(第01集) 	14,262 	8,545 	246,257 	17.27 	14,183 	16,970 	1.20
开放高清 	性欲熏心.mp4 	性欲熏心 	14,156 	12,709 	233,093 	16.47 	14,156 	9,461 	0.67
开放高清 	篮球慈善赛-韦德队vs詹姆斯队集锦20111010.mp4 	灌篮频道-篮球慈善赛-韦德队vs詹姆斯队集锦20111010 	14,132 	11,987 	24,881 	1.76 	14,132 	2,646 	0.19
开放高清 	边疆.mp4 	边疆 	14,093 	12,633 	356,277 	25.28 	14,091 	11,082 	0.79
开放高清 	重庆遭最强雷阵闪电暴雨-10月9日.mp4 	重庆遭最强雷阵闪电暴雨-10月9日 	13,836 	11,009 	24,960 	1.80 	13,836 	1,049 	0.08
开放高清 	4女子一丝不挂共赴裸体晚餐-10月7日.mp4 	【现场】4女子一丝不挂共赴裸体晚餐-10月7日 	13,797 	12,787 	14,383 	1.04 	13,797 	1,049 	0.08
开放高清 	爱情万万岁(第26集).mp4 	爱情万万岁(第26集) 	13,708 	11,000 	581,192 	42.40 	13,708 	12,977 	0.95
开放高清 	国光帮帮忙-20111010-这些绰号上国光能听吗.mp4 	国光帮帮忙-20111010-这些绰号上国光能听吗 	13,635 	11,845 	472,595 	34.66 	13,635 	18,288 	1.34
开放高清 	小资女孩向前冲(第04集)_V1.mp4 	小资女孩向前冲(第04集) 	13,510 	10,705 	613,550 	45.41 	13,510 	19,748 	1.46
开放高清 	倾世皇妃预告片111001.mp4 	倾世皇妃预告片111001 	13,504 	11,897 	13,023 	0.96 	13,504 	1,526 	0.11
开放高清 	无人驾驶.mp4 	无人驾驶(网络独播) 	13,435 	12,031 	413,594 	30.78 	13,232 	11,041 	0.83
开放高清 	昆明17岁少年被打死案情通报会草草了事-10月11日.mp4 	昆明17岁少年被打死_案情通报会草草了事 	13,313 	12,176 	25,919 	1.95 	13,313 	1,321 	0.10
开放高清 	快乐大本营-20111001-闫妮邓超陈嘉上.mp4 	快乐大本营-20111001-闫妮邓超陈嘉上 	13,277 	11,135 	726,659 	54.73 	13,277 	28,659 	2.16
开放高清 	华西村30亿建328米酒店村书记称让农民生活超城里-10月9日.mp4 	华西村30亿建328米酒店_村书记称让农民生活超城里-10月9日 	13,215 	10,481 	15,917 	1.20 	13,215 	923 	0.07
开放高清 	倾世皇妃(片花).mp4 	倾世皇妃(片花) 	13,170 	11,209 	105,505 	8.01 	13,170 	2,291 	0.17
开放高清 	神枪手(高清).mp4 	神枪手(敌友难分/高清) 	13,152 	10,806 	530,486 	40.34 	13,067 	28,527 	2.18
开放高清 	性在够辣.mp4 	性在够辣(复仇强奸恶魔) 	13,144 	11,466 	373,645 	28.43 	13,144 	8,275 	0.63
开放高清 	滑头鬼之孙-千年魔京(第15集).mp4 	滑头鬼之孙-千年魔京(第15集) 	12,972 	9,810 	267,641 	20.63 	12,972 	9,209 	0.71
开放高清 	单身男女(高清).mp4 	单身男女(高清/吴彦祖古天乐) 	12,877 	11,068 	532,774 	41.37 	12,868 	30,889 	2.40
开放高清 	守护boss(第01集)_V1.mp4 	守护boss(第01集) 	12,821 	10,856 	374,545 	29.21 	12,821 	14,567 	1.14
开放高清 	翻转.mp4 	翻转(美国最新动作片) 	12,799 	11,716 	351,898 	27.49 	12,799 	8,241 	0.64
开放高清 	不速之约国语版(第20集).mp4 	不速之约国语版(第20集) 	12,687 	9,936 	421,510 	33.22 	12,687 	9,262 	0.73
开放高清 	喜羊羊与灰太狼(第001集).mp4 	喜羊羊与灰太狼(第001集) 	12,636 	9,303 	97,838 	7.74 	12,635 	9,941 	0.79
开放高清 	千次的吻(第01集)_V1.mp4 	千次的吻(第01集) 	12,619 	10,505 	199,983 	15.85 	12,619 	2,895 	0.23
开放高清 	花花体育-体育画报2007泳装写真20111009.mp4 	花花体育-体育画报2007泳装写真20111009 	12,614 	10,136 	53,667 	4.25 	12,614 	8,304 	0.66
开放高清 	关云长(高清)_V3.mp4 	关云长(高清/姜文甄子丹) 	12,540 	10,211 	490,426 	39.11 	12,540 	17,248 	1.38
开放高清 	荃加福禄寿探案(第02集).mp4 	荃加福禄寿探案(第02集) 	12,508 	10,595 	461,836 	36.92 	12,508 	14,092 	1.13
开放高清 	水浒笑传.mp4 	水浒笑传(雌雄大骗) 	12,477 	11,334 	186,091 	14.91 	12,422 	6,054 	0.49
开放高清 	劫匪(蓝光).mp4 	劫匪(蓝光/偷天抢地) 	12,446 	10,567 	611,917 	49.17 	12,446 	42,229 	3.39
  	  	合计 	6,653,795 	5,298,498 	196,679,441 	29.56 	6,651,893 	8,064,691 	1.21
