开放高清 	步步惊心(第23集).mp4 	步步惊心(第23集) 	782,646 	413,797 	19,862,942 	25.38 	782,643 	1,206,996 	1.54
开放高清 	步步惊心(第24集).mp4 	步步惊心(第24集) 	546,194 	419,819 	19,488,916 	35.68 	546,192 	1,188,802 	2.18
开放高清 	步步惊心(第01集).mp4 	步步惊心(第01集) 	312,161 	252,379 	4,678,752 	14.99 	312,159 	268,595 	0.86
开放高清 	步步惊心(第22集).mp4 	步步惊心(第22集) 	287,905 	225,810 	8,321,490 	28.90 	287,905 	344,213 	1.20
开放高清 	爱情睡醒了(第24集).mp4 	爱情睡醒了(第24集) 	278,485 	201,345 	8,491,470 	30.49 	278,484 	650,418 	2.34
开放高清 	爱情睡醒了(第23集).mp4 	爱情睡醒了(第23集) 	254,739 	189,120 	8,377,946 	32.89 	254,736 	667,916 	2.62
开放高清 	快乐大本营-20110924-赵文u与郭富城.mp4 	快乐大本营-20110924-赵文u与郭富城 	193,007 	157,786 	10,281,788 	53.27 	193,007 	840,843 	4.36
开放高清 	步步惊心(第21集).mp4 	步步惊心(第21集) 	174,791 	138,325 	5,441,250 	31.13 	174,791 	222,038 	1.27
开放高清 	非诚勿扰-20110924-男生学腹语为爱歌唱.mp4 	非诚勿扰-20110924-男生学腹语为爱歌唱 	168,580 	131,211 	8,464,357 	50.21 	168,578 	702,579 	4.17
开放高清 	步步惊心(第20集).mp4 	步步惊心(第20集) 	144,789 	116,000 	4,976,079 	34.37 	144,788 	194,407 	1.34
开放高清 	步步惊心蓝光(第23集).mp4 	步步惊心蓝光(第23集) 	140,223 	110,736 	5,382,941 	38.39 	140,221 	671,345 	4.79
开放高清 	步步惊心蓝光(第24集).mp4 	步步惊心蓝光(第24集) 	136,762 	108,225 	4,981,554 	36.42 	136,761 	611,502 	4.47
开放高清 	爱情睡醒了(第22集).mp4 	爱情睡醒了(第22集) 	129,590 	102,281 	2,859,917 	22.07 	129,590 	139,370 	1.08
开放高清 	步步惊心(第19集).mp4 	步步惊心(第19集) 	126,495 	100,852 	4,147,298 	32.79 	126,495 	164,819 	1.30
开放高清 	步步惊心(第18集).mp4 	步步惊心(第18集) 	116,945 	92,477 	3,884,233 	33.21 	116,945 	139,872 	1.20
开放高清 	爱情睡醒了(第01集).mp4 	爱情睡醒了(第01集) 	114,517 	92,504 	2,135,821 	18.65 	114,516 	133,071 	1.16
开放高清 	孤岛惊魂(高清)_V1.mp4 	孤岛惊魂(高清/杨幂) 	113,888 	95,008 	5,150,439 	45.22 	113,888 	245,492 	2.16
开放高清 	步步惊心(第02集).mp4 	步步惊心(第02集) 	109,481 	88,654 	3,605,069 	32.93 	109,481 	158,585 	1.45
开放高清 	步步惊心(第17集).mp4 	步步惊心(第17集) 	106,865 	85,047 	3,724,510 	34.85 	106,864 	140,332 	1.31
开放高清 	步步惊心(第16集).mp4 	步步惊心(第16集) 	104,975 	83,474 	3,575,852 	34.06 	104,975 	135,747 	1.29
开放高清 	步步惊心(第04集).mp4 	步步惊心(第04集) 	103,636 	79,673 	3,268,908 	31.54 	103,635 	127,817 	1.23
开放高清 	步步惊心高清(第03集).mp4 	步步惊心(第03集) 	103,436 	83,317 	3,376,263 	32.64 	103,436 	142,066 	1.37
开放高清 	海贼王(第516集).mp4 	海贼王(第516集) 	100,336 	83,987 	2,224,572 	22.17 	100,336 	137,103 	1.37
开放高清 	步步惊心(第13集).mp4 	步步惊心(第13集) 	98,733 	77,958 	3,270,893 	33.13 	98,733 	127,579 	1.29
开放高清 	步步惊心(第15集).mp4 	步步惊心(第15集) 	98,589 	78,483 	3,271,633 	33.18 	98,589 	123,047 	1.25
开放高清 	步步惊心(第05集).mp4 	步步惊心(第05集) 	97,910 	75,477 	3,235,229 	33.04 	97,910 	124,046 	1.27
开放高清 	步步惊心(第14集).mp4 	步步惊心(第14集) 	97,744 	76,752 	3,332,747 	34.10 	97,743 	127,038 	1.30
开放高清 	步步惊心(第06集).mp4 	步步惊心(第06集) 	95,828 	73,663 	3,163,279 	33.01 	95,828 	125,136 	1.31
开放高清 	步步惊心(第07集).mp4 	步步惊心(第07集) 	95,399 	73,136 	3,146,674 	32.98 	95,398 	115,934 	1.22
开放高清 	步步惊心(第08集).mp4 	步步惊心(第08集) 	95,296 	73,299 	3,181,072 	33.38 	95,295 	116,019 	1.22
开放高清 	步步惊心(第09集).mp4 	步步惊心(第09集) 	94,350 	72,548 	3,192,835 	33.84 	94,348 	123,420 	1.31
开放高清 	步步惊心(第10集).mp4 	步步惊心(第10集) 	94,094 	72,831 	3,186,846 	33.87 	94,094 	119,930 	1.27
开放高清 	步步惊心(第12集).mp4 	步步惊心(第12集) 	93,827 	74,483 	3,006,358 	32.04 	93,827 	112,443 	1.20
开放高清 	爱情睡醒了(第21集).mp4 	爱情睡醒了(第21集) 	90,772 	71,294 	2,484,774 	27.37 	90,772 	128,982 	1.42
开放高清 	步步惊心(第11集).mp4 	步步惊心(第11集) 	89,264 	71,438 	2,998,165 	33.59 	89,263 	128,423 	1.44
开放高清 	天天向上-20110923-亚洲广告花美男帅气登场.mp4 	天天向上-20110923-亚洲广告花美男帅气登场 	86,116 	70,529 	5,431,043 	63.07 	86,114 	279,187 	3.24
开放高清 	步步惊心蓝光(第01集).mp4 	步步惊心蓝光(第01集) 	74,550 	62,976 	1,129,325 	15.15 	74,550 	154,272 	2.07
开放高清 	掩护(第25集).mp4 	掩护(第25集) 	74,217 	35,719 	1,744,367 	23.50 	74,217 	82,891 	1.12
开放高清 	苏州海归应聘公交司机称看好公交行业-9月23日.mp4 	苏州“海归”应聘公交司机_称“看好公交行业” 	70,834 	56,659 	83,476 	1.18 	70,834 	6,535 	0.09
开放高清 	步步惊心蓝光(第22集).mp4 	步步惊心蓝光(第22集) 	70,116 	57,076 	2,151,702 	30.69 	70,116 	148,329 	2.12
开放高清 	爱情睡醒了(第20集).mp4 	爱情睡醒了(第20集) 	69,686 	55,396 	1,687,473 	24.22 	69,685 	83,754 	1.20
开放高清 	新僵尸先生.mp4 	新僵尸先生(茅山道士) 	69,549 	59,636 	2,057,898 	29.59 	69,449 	44,033 	0.63
开放高清 	赤裸特工.mp4 	赤裸特工(床上杀手) 	61,727 	49,420 	2,015,877 	32.66 	61,597 	82,825 	1.34
开放高清 	爱情睡醒了(第02集).mp4 	爱情睡醒了(第02集) 	61,409 	48,532 	1,749,352 	28.49 	61,408 	76,379 	1.24
开放高清 	武侠(高清).mp4 	武侠(高清/甄子丹) 	61,407 	50,988 	2,987,578 	48.65 	61,406 	113,506 	1.85
开放高清 	出轨的女人.mp4 	出轨的女人(三角女同爱情) 	60,400 	50,584 	2,241,340 	37.11 	60,399 	84,824 	1.40
开放高清 	火影忍者(第449集).mp4 	火影忍者(更新449) 	60,085 	52,289 	998,702 	16.62 	60,085 	38,367 	0.64
开放高清 	朋友也上床.mp4 	朋友也上床(炮友关系) 	59,841 	50,528 	2,041,594 	34.12 	59,841 	62,602 	1.05
开放高清 	爱情睡醒了(第19集).mp4 	爱情睡醒了(第19集) 	58,761 	46,587 	1,583,519 	26.95 	58,761 	75,688 	1.29
开放高清 	康熙来了-20110923-发片歌手前辈力挺大会.mp4 	康熙来了-20110923-发片歌手前辈力挺大会 	57,193 	48,993 	2,179,774 	38.11 	57,192 	66,830 	1.17
开放高清 	爱情睡醒了(第03集).mp4 	爱情睡醒了(第03集) 	55,727 	44,945 	1,623,221 	29.13 	55,727 	76,993 	1.38
开放高清 	美女私访菜-20110919-S崎爱睡醒.mp4 	美女私访菜-20110919-S崎爱睡醒 	54,294 	41,345 	152,152 	2.80 	54,294 	19,042 	0.35
开放高清 	爱情睡醒了(第18集).mp4 	爱情睡醒了(第18集) 	53,528 	42,820 	1,458,329 	27.24 	53,528 	81,923 	1.53
开放高清 	爱情睡醒了(第16集).mp4 	爱情睡醒了(第16集) 	53,516 	41,440 	1,398,277 	26.13 	53,516 	72,483 	1.35
开放高清 	爱情睡醒了(第04集).mp4 	爱情睡醒了(第04集) 	51,945 	41,184 	1,536,327 	29.58 	51,944 	64,263 	1.24
开放高清 	爱情睡醒了(第17集).mp4 	爱情睡醒了(第17集) 	50,621 	40,185 	1,403,549 	27.73 	50,621 	67,792 	1.34
开放高清 	爱情睡醒了(第05集).mp4 	爱情睡醒了(第05集) 	48,922 	38,707 	1,501,972 	30.70 	48,922 	71,968 	1.47
开放高清 	稀人.mp4 	稀人 	48,641 	43,290 	686,039 	14.10 	48,639 	22,701 	0.47
开放高清 	爱情睡醒了(第15集).mp4 	爱情睡醒了(第15集) 	47,863 	38,489 	1,413,612 	29.53 	47,862 	80,824 	1.69
开放高清 	爱情睡醒了(第07集).mp4 	爱情睡醒了(第07集) 	47,259 	37,337 	1,351,404 	28.60 	47,259 	71,159 	1.51
开放高清 	爱情睡醒了(第06集).mp4 	爱情睡醒了(第06集) 	47,031 	37,436 	1,452,888 	30.89 	47,030 	67,828 	1.44
开放高清 	快乐大本营-20110917-若曦四爷卖萌耍帅.mp4 	快乐大本营-20110917-若曦四爷卖萌耍帅 	46,445 	38,008 	2,436,547 	52.46 	46,443 	124,478 	2.68
开放高清 	爱情睡醒了(第08集).mp4 	爱情睡醒了(第08集) 	46,300 	36,653 	1,345,083 	29.05 	46,300 	61,471 	1.33
开放高清 	步步惊心蓝光(第21集).mp4 	步步惊心蓝光(第21集) 	45,103 	36,257 	1,412,211 	31.31 	45,103 	93,918 	2.08
开放高清 	爱情睡醒了(第10集).mp4 	爱情睡醒了(第10集) 	45,029 	35,753 	1,297,979 	28.83 	45,029 	61,671 	1.37
开放高清 	爱情睡醒了(第13集).mp4 	爱情睡醒了(第13集) 	44,633 	35,322 	1,268,190 	28.41 	44,633 	58,979 	1.32
开放高清 	爱情睡醒了(第12集).mp4 	爱情睡醒了(第12集) 	44,259 	35,271 	1,287,582 	29.09 	44,259 	58,153 	1.31
开放高清 	爱情睡醒了(第09集).mp4 	爱情睡醒了(第09集) 	44,145 	35,207 	1,330,488 	30.14 	44,145 	63,397 	1.44
开放高清 	男子挖地窖囚禁6名女子当性奴邻居全然不知-9月23日.mp4 	男子挖地窖囚禁6名女子当性奴_邻居全然不知 	44,052 	35,455 	108,734 	2.47 	44,052 	4,907 	0.11
开放高清 	女巫季节(蓝光).mp4 	女巫季节(蓝光) 	43,689 	36,063 	2,128,921 	48.73 	43,667 	170,614 	3.91
开放高清 	爱情睡醒了(第14集).mp4 	爱情睡醒了(第14集) 	43,211 	34,800 	1,203,437 	27.85 	43,211 	65,903 	1.53
开放高清 	爱情睡醒了(第11集).mp4 	爱情睡醒了(第11集) 	42,908 	34,139 	1,244,614 	29.01 	42,908 	57,913 	1.35
开放高清 	海贼王(第515集).mp4 	海贼王(第515集) 	41,940 	34,847 	410,536 	9.79 	41,940 	21,750 	0.52
开放高清 	非诚勿扰-20110918-爱谁就说谁二.mp4 	非诚勿扰-20110918-爱谁就说谁二 	39,449 	31,809 	1,215,645 	30.82 	39,449 	67,433 	1.71
开放高清 	新还珠格格高清(第98集).mp4 	新还珠格格高清(第98集) 	37,739 	11,967 	318,020 	8.43 	37,739 	20,820 	0.55
开放高清 	步步惊心蓝光(第20集).mp4 	步步惊心蓝光(第20集) 	36,846 	29,932 	1,282,237 	34.80 	36,846 	84,666 	2.30
开放高清 	掩护(第01集).mp4 	掩护(第01集) 	36,010 	30,652 	635,134 	17.64 	36,010 	28,899 	0.80
开放高清 	灭绝(高清).mp4 	灭绝(高清/杀手真人秀) 	34,587 	31,317 	1,155,408 	33.41 	34,587 	49,290 	1.43
开放高清 	步步惊心之精彩看点-35集-若曦魂归变回张晓.mp4 	步步惊心之精彩看点-第35集：若曦魂归变回张晓 	34,153 	23,566 	51,718 	1.51 	34,153 	2,825 	0.08
开放高清 	掩护(第24集).mp4 	掩护(第24集) 	31,991 	23,836 	812,460 	25.40 	31,991 	23,885 	0.75
开放高清 	江湖最后一个大佬.mp4 	江湖最后一个大佬(周星驰) 	31,611 	16,765 	669,584 	21.18 	31,528 	14,710 	0.47
开放高清 	步步惊心蓝光(第19集).mp4 	步步惊心蓝光(第19集) 	31,243 	25,521 	1,071,310 	34.29 	31,243 	65,855 	2.11
开放高清 	河南洛阳男子挖地窖囚禁6女为性奴杀死2人-9月23日.mp4 	河南洛阳：男子挖地窖囚禁6女为性奴_杀死2人 	30,387 	27,895 	10,447 	0.34 	30,387 	1,823 	0.06
开放高清 	水性杨花.mp4 	水性杨花(放荡) 	30,293 	27,079 	285,224 	9.42 	30,292 	14,884 	0.49
开放高清 	步步惊心之精彩看点-35集-四爷撒若曦骨灰忆往昔.mp4 	步步惊心之精彩看点-第35集：四爷撒若曦骨灰忆往昔 	29,990 	22,082 	35,691 	1.19 	29,989 	2,035 	0.07
开放高清 	记者揭露洛阳性奴案被指侵犯国家机密-9月23日.mp4 	记者揭露洛阳性奴案被指“侵犯国家机密” 	29,943 	26,157 	55,945 	1.87 	29,942 	1,632 	0.05
开放高清 	步步惊心蓝光(第18集).mp4 	步步惊心蓝光(第18集) 	29,360 	23,606 	1,027,651 	35.00 	29,360 	60,948 	2.08
开放高清 	章子怡裸体塑像现景区网友调侃可否告侵权-9月24日.mp4 	章子怡裸体塑像现景区_网友调侃“可否告侵权”-9月24日 	29,250 	25,177 	3,601 	0.12 	29,250 	753 	0.03
开放高清 	动物总动员(蓝光).mp4 	动物总动员(蓝光/动物会议) 	28,922 	24,025 	1,402,349 	48.49 	28,920 	148,274 	5.13
开放高清 	名侦探柯南(第634集).mp4 	名侦探柯南(更新634) 	28,738 	24,841 	630,092 	21.93 	28,738 	25,943 	0.90
开放高清 	财神客栈(高清).mp4 	财神客栈(高清/谢霆锋阿SA) 	28,560 	23,739 	1,356,914 	47.51 	28,560 	56,733 	1.99
开放高清 	铁道游击队之战后篇(第01集).mp4 	铁道游击队之战后篇(第01集) 	28,437 	22,947 	715,416 	25.16 	28,437 	40,920 	1.44
开放高清 	肩上蝶(高清)_V1.mp4 	肩上蝶(高清/陈坤梁咏琪) 	28,142 	25,164 	806,434 	28.66 	28,142 	33,844 	1.20
开放高清 	广西13岁女孩未婚怀孕准父亲年仅17岁-9月23日.mp4 	广西13岁女孩未婚怀孕_“准父亲”年仅17岁 	27,923 	22,574 	28,394 	1.02 	27,922 	2,357 	0.08
开放高清 	狙击精英：重装上阵.mp4 	狙击精英：重装上阵 	27,910 	23,645 	1,199,941 	42.99 	27,906 	25,541 	0.92
开放高清 	宫锁心玉(第01集).mp4 	宫锁心玉(第01集) 	27,775 	12,571 	338,439 	12.19 	27,681 	28,702 	1.04
开放高清 	僧人超市内买肉遭众人误会-9月25日.mp4 	僧人超市内买肉遭众人误会 	27,570 	25,833 	25,031 	0.91 	27,569 	2,014 	0.07
开放高清 	美女私访菜-20110921-90后F罩杯女.mp4 	美女私访菜-20110921-90后F罩杯女 	27,248 	21,135 	160,233 	5.88 	27,247 	13,545 	0.50
开放高清 	步步惊心蓝光(第02集).mp4 	步步惊心蓝光(第02集) 	27,086 	22,695 	862,103 	31.83 	27,086 	76,394 	2.82
开放高清 	倾世皇妃(片花).mp4 	倾世皇妃(片花) 	27,061 	24,437 	297,673 	11.00 	27,061 	5,881 	0.22
开放高清 	喜羊羊与灰太狼之牛气冲天.mp4 	喜羊羊与灰太狼之牛气冲天 	26,718 	18,687 	734,031 	27.47 	26,403 	28,353 	1.07
开放高清 	步步惊心蓝光(第17集).mp4 	步步惊心蓝光(第17集) 	26,582 	21,408 	961,994 	36.19 	26,582 	58,410 	2.20
开放高清 	步步惊心蓝光(第16集).mp4 	步步惊心蓝光(第16集) 	25,792 	20,878 	914,880 	35.47 	25,792 	54,410 	2.11
开放高清 	妖精的尾巴(第98集).mp4 	妖精的尾巴(第98集) 	25,393 	21,904 	594,968 	23.43 	25,392 	23,868 	0.94
开放高清 	美女匪帮.mp4 	美女匪帮 	25,277 	22,592 	353,184 	13.97 	25,197 	13,836 	0.55
开放高清 	武侠.mp4 	武侠(金城武汤唯) 	25,148 	21,482 	1,211,718 	48.18 	25,148 	10,303 	0.41
开放高清 	赌神.mp4 	赌神(赌王集合) 	25,073 	20,605 	1,174,788 	46.85 	24,704 	51,659 	2.09
开放高清 	不速之约(第10集).mp4 	不速之约(第10集) 	24,980 	20,243 	950,842 	38.06 	24,980 	35,718 	1.43
开放高清 	步步惊心蓝光(第03集).mp4 	步步惊心蓝光(第03集) 	24,929 	20,622 	829,929 	33.29 	24,929 	67,945 	2.73
开放高清 	快乐大本营-20110910-娜就杰婚吧_V1.mp4 	快乐大本营-20110910-娜就杰婚吧 	24,748 	21,059 	1,031,072 	41.66 	24,746 	53,937 	2.18
开放高清 	康熙来了-20110922-明星夫妻合体舞蹈比赛(下).mp4 	康熙来了-20110922-明星夫妻合体舞蹈比赛(下) 	24,686 	20,811 	1,075,671 	43.57 	24,686 	30,495 	1.24
开放高清 	步步惊心蓝光(第13集).mp4 	步步惊心蓝光(第13集) 	24,499 	19,733 	836,644 	34.15 	24,499 	46,859 	1.91
开放高清 	订做一个她(高清).mp4 	订做一个她(高清/充气娃娃之恋) 	24,451 	21,938 	725,265 	29.66 	24,451 	42,048 	1.72
开放高清 	铠甲勇士刑天(第01集).mp4 	铠甲勇士刑天(第01集) 	24,414 	17,743 	222,780 	9.13 	23,768 	10,272 	0.43
开放高清 	步步惊心蓝光(第15集).mp4 	步步惊心蓝光(第15集) 	24,378 	19,903 	844,635 	34.65 	24,378 	54,121 	2.22
开放高清 	步步惊心蓝光(第04集).mp4 	步步惊心蓝光(第04集) 	24,341 	19,989 	792,754 	32.57 	24,341 	55,221 	2.27
开放高清 	步步惊心蓝光(第14集).mp4 	步步惊心蓝光(第14集) 	24,322 	19,550 	853,846 	35.11 	24,322 	51,143 	2.10
开放高清 	非诚勿扰-20110917-IT男遭遇女嘉宾表白.mp4 	非诚勿扰-20110917-IT男遭遇女嘉宾表白 	23,207 	19,116 	787,457 	33.93 	23,207 	42,776 	1.84
开放高清 	只是性，而没有别的.mp4 	只是性，而没有别的(最佳床友) 	23,134 	20,241 	734,456 	31.75 	23,133 	40,481 	1.75
开放高清 	步步惊心蓝光(第05集).mp4 	步步惊心蓝光(第05集) 	23,101 	18,802 	783,950 	33.94 	23,101 	48,389 	2.09
开放高清 	步步惊心蓝光(第08集).mp4 	步步惊心蓝光(第08集) 	22,865 	18,208 	770,590 	33.70 	22,865 	47,653 	2.08
开放高清 	步步惊心蓝光(第12集).mp4 	步步惊心蓝光(第12集) 	22,809 	18,462 	745,989 	32.71 	22,809 	43,560 	1.91
开放高清 	不速之约国语版(第10集).mp4 	不速之约国语版(第10集) 	22,794 	18,925 	799,085 	35.06 	22,794 	15,017 	0.66
开放高清 	步步惊心蓝光(第07集).mp4 	步步惊心蓝光(第07集) 	22,793 	18,389 	777,209 	34.10 	22,793 	51,597 	2.26
开放高清 	佳节.mp4 	佳节(情色私生活) 	22,615 	19,266 	572,671 	25.32 	22,516 	23,301 	1.03
开放高清 	步步惊心蓝光(第10集).mp4 	步步惊心蓝光(第10集) 	22,585 	18,065 	789,082 	34.94 	22,585 	44,602 	1.97
开放高清 	步步惊心蓝光(第06集).mp4 	步步惊心蓝光(第06集) 	22,520 	18,449 	779,486 	34.61 	22,520 	54,144 	2.40
开放高清 	步步惊心蓝光(第09集).mp4 	步步惊心蓝光(第09集) 	22,403 	18,014 	796,471 	35.55 	22,403 	47,443 	2.12
开放高清 	步步惊心蓝光(第11集).mp4 	步步惊心蓝光(第11集) 	22,062 	17,848 	739,805 	33.53 	22,062 	48,286 	2.19
开放高清 	爱情万万岁(第21集).mp4 	爱情万万岁(第21集) 	21,735 	17,267 	1,077,792 	49.59 	21,735 	32,066 	1.48
开放高清 	猿族崛起.mp4 	猿族崛起(猿人争霸战) 	21,415 	18,543 	1,067,510 	49.85 	21,414 	6,231 	0.29
开放高清 	护国大将军(第01集).mp4 	护国大将军(第01集) 	21,403 	17,877 	332,430 	15.53 	21,403 	14,355 	0.67
开放高清 	年代秀-20110923-你记忆中的那首歌.mp4 	年代秀-20110923-你记忆中的那首歌 	21,023 	18,705 	619,932 	29.49 	21,023 	18,947 	0.90
开放高清 	喜羊羊与灰太狼(第0001集).mp4 	喜羊羊与灰太狼(第0001集) 	20,963 	16,212 	151,977 	7.25 	20,693 	8,719 	0.42
开放高清 	不速之约国语版(第01集).mp4 	不速之约国语版(第01集) 	20,832 	17,943 	540,898 	25.96 	20,832 	13,685 	0.66
开放高清 	康熙来了-20110921-明星夫妻合体舞蹈比赛(上).mp4 	康熙来了-20110921-明星夫妻合体舞蹈比赛(上) 	20,468 	17,767 	805,969 	39.38 	20,468 	27,954 	1.37
开放高清 	掩护(第23集).mp4 	掩护(第23集) 	20,203 	15,792 	688,593 	34.08 	20,203 	22,592 	1.12
开放高清 	赤裸特工(高清)_V1.mp4 	赤裸特工(高清/吴彦祖Maggie_Q) 	20,167 	17,560 	630,608 	31.27 	20,167 	35,906 	1.78
开放高清 	宫锁心玉(第35集).mp4 	宫锁心玉(第35集) 	20,028 	7,610 	243,374 	12.15 	19,987 	17,505 	0.88
开放高清 	新版水浒传(第75集).mp4 	新版水浒传(第75集) 	19,939 	6,790 	270,783 	13.58 	19,939 	7,732 	0.39
开放高清 	你现在在哪(高清).mp4 	你现在在哪(高清/与酒店女郎相遇) 	19,663 	17,098 	400,854 	20.39 	19,663 	43,419 	2.21
开放高清 	大耳朵图图第2季(第01集).mp4 	大耳朵图图第2季(第01集) 	19,440 	15,145 	125,243 	6.44 	19,340 	6,584 	0.34
开放高清 	广东学生食堂吃出76条菜虫校方称是恶作剧-9月23日.mp4 	广东学生食堂吃出76条菜虫_校方称“是恶作剧” 	19,434 	18,064 	20,369 	1.05 	19,434 	397 	0.02
开放高清 	不速之约(第01集).mp4 	不速之约(第01集) 	19,348 	16,815 	419,903 	21.70 	19,348 	18,327 	0.95
开放高清 	步步惊心(36分超长片花)_V1.mp4 	步步惊心(36分超长片花) 	19,173 	16,122 	234,454 	12.23 	19,173 	13,004 	0.68
开放高清 	爱情睡醒了之剧组探班0415_V1.mp4 	爱情睡醒了之剧组探班0415 	19,036 	11,348 	44,486 	2.34 	19,036 	3,774 	0.20
开放高清 	潘金莲.mp4 	潘金莲(红杏出墙) 	19,007 	17,041 	222,727 	11.72 	19,007 	11,036 	0.58
开放高清 	少林僵尸.mp4 	少林僵尸(魔幻界) 	18,880 	15,442 	715,835 	37.91 	18,839 	19,423 	1.03
开放高清 	精英部队2.mp4 	精英部队2(精锐部队2) 	18,848 	16,737 	540,680 	28.69 	18,519 	13,769 	0.74
开放高清 	喜羊羊与灰太狼之虎虎生威.mp4 	喜羊羊与灰太狼之虎虎生威 	18,839 	13,269 	592,899 	31.47 	18,246 	18,981 	1.04
开放高清 	河北深州越狱犯王振轻落网-9月25日.mp4 	【社会】河北深州越狱犯王振轻落网-9月25日 	18,441 	16,387 	4,620 	0.25 	18,441 	764 	0.04
开放高清 	步步惊心之精彩看点-34集-若曦为见四爷信托十四爷.mp4 	步步惊心之精彩看点-第34集：若曦为见四爷信托十四爷 	17,949 	14,609 	28,148 	1.57 	17,949 	1,149 	0.06
开放高清 	泰罗奥特曼(第01集).mp4 	泰罗奥特曼(第01集) 	17,833 	13,935 	165,663 	9.29 	17,833 	4,149 	0.23
开放高清 	守护boss(第16集).mp4 	守护boss(第16集) 	17,503 	14,576 	736,644 	42.09 	17,503 	18,267 	1.04
开放高清 	新京城四少高清(第01集)_V1.mp4 	新京城四少高清(第01集) 	17,335 	14,985 	303,216 	17.49 	17,335 	18,827 	1.09
开放高清 	火影忍者(第448集).mp4 	火影忍者(第448集) 	17,317 	15,083 	114,381 	6.61 	17,317 	6,595 	0.38
开放高清 	娱乐播报-20110920-快女决赛暴力冲突.粉丝互殴连选手父母也不放过.mp4 	娱乐播报-20110920-快女决赛暴力冲突.粉丝互殴连选手父母也不放过 	17,090 	15,040 	18,788 	1.10 	17,090 	3,014 	0.18
开放高清 	少年赌圣.mp4 	少年赌圣(搞笑离奇) 	17,004 	14,637 	759,471 	44.66 	16,896 	12,217 	0.72
开放高清 	步步惊心之花絮-步步惊心ID.mp4 	步步惊心之花絮-步步惊心ID 	16,944 	14,009 	14,544 	0.86 	16,944 	1,298 	0.08
开放高清 	叛狱风云(高清).mp4 	死亡实验(高清/叛狱风云) 	16,861 	15,069 	643,102 	38.14 	16,861 	25,102 	1.49
开放高清 	步步惊心之精彩看点-33集-若曦出宫四爷恋恋不舍.mp4 	步步惊心之精彩看点-第33集：若曦出宫四爷恋恋不舍 	16,722 	13,974 	27,847 	1.67 	16,722 	1,200 	0.07
开放高清 	步步惊心之精彩看点-34集-十四爷酒后倾吐心中苦闷.mp4 	步步惊心之精彩看点-第34集：十四爷酒后倾吐心中苦闷 	16,679 	13,830 	23,929 	1.43 	16,679 	1,038 	0.06
开放高清 	A片特攻队.mp4 	A片特攻队(诱惑你) 	16,594 	15,091 	169,612 	10.22 	16,562 	7,782 	0.47
开放高清 	海贼王(第001集).mp4 	海贼王(第001集) 	16,587 	14,709 	68,370 	4.12 	16,511 	2,611 	0.16
开放高清 	不速之约(第09集).mp4 	不速之约(第09集) 	16,266 	13,177 	583,237 	35.86 	16,266 	20,092 	1.24
开放高清 	大耳朵图图第4季(第01集).mp4 	大耳朵图图第4季(第01集) 	16,215 	12,712 	101,742 	6.27 	16,215 	9,187 	0.57
开放高清 	性与早餐.mp4 	性与早餐(婚姻和性) 	16,130 	14,362 	240,477 	14.91 	16,074 	11,649 	0.72
开放高清 	守护boss(第01集)_V1.mp4 	守护boss(第01集) 	16,069 	13,683 	432,207 	26.90 	16,069 	18,222 	1.13
开放高清 	湖北省高院回应冒名死囚事件-9月25日.mp4 	湖北省高院回应“冒名死囚事件” 	16,057 	13,885 	2,906 	0.18 	16,057 	350 	0.02
开放高清 	掩护(第22集).mp4 	掩护(第22集) 	16,044 	12,769 	519,534 	32.38 	16,043 	17,319 	1.08
开放高清 	一夜情.mp4 	一夜情(高清) 	15,910 	13,549 	331,476 	20.83 	15,910 	7,642 	0.48
开放高清 	一路惊心(高清).mp4 	一路惊心(高清/笨贼一箩筐) 	15,869 	13,795 	804,761 	50.71 	15,869 	23,817 	1.50
开放高清 	最爱(高清)_V3.mp4 	最爱(高清/章子怡郭富城) 	15,840 	13,718 	678,481 	42.83 	15,840 	23,229 	1.47
开放高清 	恶魔奶爸(第35集).mp4 	恶魔奶爸(第35集) 	15,645 	13,442 	347,457 	22.21 	15,645 	21,054 	1.35
开放高清 	哆啦A梦(第0002集).mp4 	哆啦A梦(第0002集) 	15,627 	7,514 	45,180 	2.89 	15,621 	433 	0.03
开放高清 	铠甲勇士刑天(第30集).mp4 	铠甲勇士刑天(第30集) 	15,467 	11,288 	158,606 	10.25 	15,290 	5,901 	0.39
开放高清 	不速之约国语版(第09集).mp4 	不速之约国语版(第09集) 	15,455 	13,012 	529,995 	34.29 	15,455 	10,894 	0.70
开放高清 	步步惊心之精彩看点-33集-十三爷面见皇帝质疑若曦身份.mp4 	步步惊心之精彩看点-第33集：十三爷面见皇帝质疑若曦身份 	15,438 	13,141 	26,064 	1.69 	15,438 	1,214 	0.08
开放高清 	今年一定要嫁出去.mp4 	今年一定要嫁出去(剩女求爱记) 	15,257 	13,720 	552,237 	36.20 	15,257 	16,239 	1.06
开放高清 	国光帮帮忙-20110923-不可思议的恐怖校园传说.mp4 	国光帮帮忙-20110923-不可思议的恐怖校园传说 	15,080 	12,854 	557,701 	36.98 	15,080 	9,653 	0.64
开放高清 	2011快乐女声全国总决赛决战之夜(高清).mp4 	2011快乐女声全国总决赛决战之夜(高清) 	15,015 	12,013 	657,893 	43.82 	15,013 	40,097 	2.67
开放高清 	哆啦A梦(第0001集).mp4 	哆啦A梦(第0001集) 	14,964 	11,830 	65,009 	4.34 	14,956 	1,979 	0.13
开放高清 	武侠(蓝光).mp4 	武侠(蓝光/甄唯武) 	14,834 	12,203 	688,612 	46.42 	14,834 	43,558 	2.94
开放高清 	婚外初夜.mp4 	婚外初夜 	14,633 	13,128 	254,738 	17.41 	14,633 	6,427 	0.44
开放高清 	达子的春天(第01集).mp4 	达子的春天(第01集) 	14,571 	12,464 	182,160 	12.50 	14,538 	6,582 	0.45
开放高清 	爱情睡醒了之精彩看点-第25集：迫于现实小贝天骐再斩情丝.mp4 	爱情睡醒了之精彩看点-第25集：迫于现实小贝天骐再斩情丝 	14,556 	9,820 	30,654 	2.11 	14,556 	2,114 	0.15
开放高清 	掩护(第21集).mp4 	掩护(第21集) 	14,492 	11,586 	512,796 	35.38 	14,492 	15,820 	1.09
开放高清 	死神(第340集).mp4 	死神(更新340) 	14,416 	12,397 	245,524 	17.03 	14,416 	9,142 	0.63
开放高清 	奥特曼列传(第01集).mp4 	奥特曼列传(第01集) 	14,365 	10,760 	184,448 	12.84 	14,365 	10,780 	0.75
开放高清 	九江十二坊(第01集).mp4 	九江十二坊(第01集) 	14,315 	9,945 	119,047 	8.32 	14,315 	6,422 	0.45
开放高清 	女巫季节(高清).mp4 	女巫季节(高清/尼古拉斯凯奇) 	14,092 	11,508 	716,060 	50.81 	14,039 	42,229 	3.01
开放高清 	步步惊心之精彩看点-31集-若曦悲痛欲绝不慎流产.mp4 	步步惊心之精彩看点-第31集：若曦悲痛欲绝不慎流产 	13,936 	12,072 	24,575 	1.76 	13,936 	1,076 	0.08
开放高清 	我想吃掉你.mp4 	我想吃掉你(你是我的蕾丝边) 	13,874 	10,103 	229,817 	16.56 	13,874 	7,449 	0.54
开放高清 	步步惊心之精彩看点-33集-八爷不畏龙威倾吐往事.mp4 	步步惊心之精彩看点-第33集：八爷不畏龙威倾吐往事 	13,863 	11,755 	20,003 	1.44 	13,863 	882 	0.06
开放高清 	单身男女(高清).mp4 	单身男女(高清/吴彦祖古天乐) 	13,810 	11,919 	611,878 	44.31 	13,800 	35,649 	2.58
开放高清 	你真漂亮(第124集).mp4 	你真漂亮(第124集) 	13,395 	11,041 	387,711 	28.94 	13,395 	9,709 	0.72
开放高清 	大耳朵图图第1季(第01集).mp4 	大耳朵图图第1季(第01集) 	13,377 	10,360 	97,407 	7.28 	13,265 	5,203 	0.39
开放高清 	小资女孩向前冲(第05集).mp4 	小资女孩向前冲(第05集) 	13,344 	10,342 	437,490 	32.79 	13,344 	17,085 	1.28
开放高清 	无锡电子竞技冠军杯-20110924-WAR3SKYvsMoon.mp4 	SKY_vs_Moon(无锡电子竞技冠军杯) 	13,277 	11,891 	126,620 	9.54 	13,277 	5,022 	0.38
开放高清 	猫和老鼠剧场版 飞向火星.mp4 	猫和老鼠剧场版_飞向火星 	13,136 	10,165 	358,286 	27.28 	12,848 	12,483 	0.97
  	  	合计 	10,601,384 	8,206,957 	308,034,770 	29.06 	10,597,053 	16,677,552 	1.57
